200000 -0.333147 -10461.1
200000 -0.666294 -10460.8
200000 -0.99944 -10460.4
200000 -1.33259 -10460.1
200000 -1.66573 -10459.7
199999 -1.99888 -10459.4
199999 -2.33203 -10459.1
199999 -2.66517 -10458.7
199999 -2.99832 -10458.4
199998 -3.33147 -10458
199998 -3.66462 -10457.7
199997 -3.99776 -10457.3
199997 -4.33091 -10456.9
199997 -4.66406 -10456.6
199996 -4.9972 -10456.2
199995 -5.33035 -10455.9
199995 -5.6635 -10455.5
199994 -5.99665 -10455.1
199994 -6.3298 -10454.8
199993 -6.66294 -10454.4
199992 -6.99609 -10454
199992 -7.32924 -10453.7
199991 -7.66239 -10453.3
199990 -7.99554 -10452.9
199989 -8.32868 -10452.5
199988 -8.66183 -10452.2
199987 -8.99498 -10451.8
199986 -9.32813 -10451.4
199986 -9.66128 -10451
199985 -9.99443 -10450.6
199983 -10.3276 -10450.2
199982 -10.6607 -10449.9
199981 -10.9939 -10449.5
199980 -11.327 -10449.1
199979 -11.6602 -10448.7
199978 -11.9933 -10448.3
199977 -12.3265 -10447.9
199975 -12.6596 -10447.5
199974 -12.9928 -10447.1
199973 -13.3259 -10446.7
199971 -13.6591 -10446.3
199970 -13.9922 -10445.9
199968 -14.3254 -10445.5
199967 -14.6585 -10445.1
199966 -14.9917 -10444.6
199964 -15.3249 -10444.2
199962 -15.658 -10443.8
199961 -15.9912 -10443.4
199959 -16.3243 -10443
199958 -16.6575 -10442.6
199956 -16.9906 -10442.1
199954 -17.3238 -10441.7
199952 -17.6569 -10441.3
199951 -17.9901 -10440.9
199949 -18.3232 -10440.4
199947 -18.6564 -10440
199945 -18.9896 -10439.6
199943 -19.3227 -10439.1
199941 -19.6559 -10438.7
199939 -19.989 -10438.3
199937 -20.3222 -10437.8
199935 -20.6553 -10437.4
199933 -20.9885 -10436.9
199931 -21.3217 -10436.5
199929 -21.6548 -10436
199926 -21.988 -10435.6
199924 -22.3211 -10435.1
199922 -22.6543 -10434.7
199920 -22.9875 -10434.2
199917 -23.3206 -10433.8
199915 -23.6538 -10433.3
199912 -23.987 -10432.9
199910 -24.3201 -10432.4
199908 -24.6533 -10431.9
199905 -24.9864 -10431.5
199903 -25.3196 -10431
199900 -25.6528 -10430.6
199897 -25.9859 -10430.1
199895 -26.3191 -10429.6
199892 -26.6523 -10429.1
199889 -26.9854 -10428.7
199887 -27.3186 -10428.2
199884 -27.6518 -10427.7
199881 -27.9849 -10427.2
199878 -28.3181 -10426.8
199875 -28.6513 -10426.3
199872 -28.9844 -10425.8
199870 -29.3176 -10425.3
199867 -29.6508 -10424.8
199864 -29.984 -10424.3
199861 -30.3171 -10423.8
199857 -30.6503 -10423.3
199854 -30.9835 -10422.8
199851 -31.3167 -10422.3
199848 -31.6498 -10421.8
199845 -31.983 -10421.3
199842 -32.3162 -10420.8
199838 -32.6494 -10420.3
199835 -32.9825 -10419.8
199832 -33.3157 -10419.3
199828 -33.6489 -10418.8
199825 -33.9821 -10418.3
199822 -34.3152 -10417.8
199818 -34.6484 -10417.3
199815 -34.9816 -10416.8
199811 -35.3148 -10416.2
199808 -35.648 -10415.7
199804 -35.9811 -10415.2
199800 -36.3143 -10414.7
199797 -36.6475 -10414.2
199793 -36.9807 -10413.6
199789 -37.3139 -10413.1
199785 -37.6471 -10412.6
199782 -37.9803 -10412
199778 -38.3134 -10411.5
199774 -38.6466 -10411
199770 -38.9798 -10410.4
199766 -39.313 -10409.9
199762 -39.6462 -10409.3
199758 -39.9794 -10408.8
199754 -40.3126 -10408.3
199750 -40.6458 -10407.7
199746 -40.979 -10407.2
199742 -41.3122 -10406.6
199738 -41.6454 -10406.1
199733 -41.9786 -10405.5
199729 -42.3118 -10405
199725 -42.6449 -10404.4
199721 -42.9781 -10403.8
199716 -43.3113 -10403.3
199712 -43.6445 -10402.7
199708 -43.9777 -10402.2
199703 -44.3109 -10401.6
199699 -44.6441 -10401
199694 -44.9773 -10400.5
199690 -45.3106 -10399.9
199685 -45.6438 -10399.3
199680 -45.977 -10398.7
199676 -46.3102 -10398.2
199671 -46.6434 -10397.6
199666 -46.9766 -10397
199662 -47.3098 -10396.4
199657 -47.643 -10395.9
199652 -47.9762 -10395.3
199647 -48.3094 -10394.7
199642 -48.6426 -10394.1
199638 -48.9758 -10393.5
199633 -49.3091 -10392.9
199628 -49.6423 -10392.3
199623 -49.9755 -10391.7
199618 -50.3087 -10391.1
199613 -50.6419 -10390.5
199608 -50.9751 -10389.9
199602 -51.3084 -10389.3
199597 -51.6416 -10388.7
199592 -51.9748 -10388.1
199587 -52.308 -10387.5
199582 -52.6413 -10386.9
199576 -52.9745 -10386.3
199571 -53.3077 -10385.7
199566 -53.6409 -10385.1
199560 -53.9742 -10384.5
199555 -54.3074 -10383.8
199549 -54.6406 -10383.2
199544 -54.9738 -10382.6
199538 -55.3071 -10382
199533 -55.6403 -10381.4
199527 -55.9735 -10380.7
199521 -56.3068 -10380.1
199516 -56.64 -10379.5
199510 -56.9733 -10378.8
199504 -57.3065 -10378.2
199499 -57.6397 -10377.6
199493 -57.973 -10376.9
199487 -58.3062 -10376.3
199481 -58.6395 -10375.7
199475 -58.9727 -10375
199469 -59.3059 -10374.4
199463 -59.6392 -10373.7
199457 -59.9724 -10373.1
199451 -60.3057 -10372.4
199445 -60.6389 -10371.8
199439 -60.9722 -10371.1
199433 -61.3054 -10370.5
199427 -61.6387 -10369.8
199421 -61.9719 -10369.2
199414 -62.3052 -10368.5
199408 -62.6384 -10367.8
199402 -62.9717 -10367.2
199395 -63.305 -10366.5
199389 -63.6382 -10365.8
199383 -63.9715 -10365.2
199376 -64.3047 -10364.5
199370 -64.638 -10363.8
199363 -64.9713 -10363.2
199357 -65.3045 -10362.5
199350 -65.6378 -10361.8
199344 -65.9711 -10361.1
199337 -66.3043 -10360.5
199330 -66.6376 -10359.8
199324 -66.9709 -10359.1
199317 -67.3041 -10358.4
199310 -67.6374 -10357.7
199303 -67.9707 -10357
199297 -68.304 -10356.3
199290 -68.6373 -10355.6
199283 -68.9705 -10355
199276 -69.3038 -10354.3
199269 -69.6371 -10353.6
199262 -69.9704 -10352.9
199255 -70.3037 -10352.2
199248 -70.6369 -10351.5
199241 -70.9702 -10350.8
199234 -71.3035 -10350
199226 -71.6368 -10349.3
199219 -71.9701 -10348.6
199212 -72.3034 -10347.9
199205 -72.6367 -10347.2
199197 -72.97 -10346.5
199190 -73.3033 -10345.8
199183 -73.6366 -10345.1
199175 -73.9699 -10344.3
199168 -74.3032 -10343.6
199160 -74.6365 -10342.9
199153 -74.9698 -10342.2
199145 -75.3031 -10341.4
199138 -75.6364 -10340.7
199130 -75.9697 -10340
199123 -76.303 -10339.2
199115 -76.6363 -10338.5
199107 -76.9696 -10337.8
199099 -77.3029 -10337
199092 -77.6362 -10336.3
199084 -77.9696 -10335.6
199076 -78.3029 -10334.8
199068 -78.6362 -10334.1
199060 -78.9695 -10333.3
199052 -79.3028 -10332.6
199044 -79.6362 -10331.8
199036 -79.9695 -10331.1
199028 -80.3028 -10330.3
199020 -80.6361 -10329.6
199012 -80.9695 -10328.8
199004 -81.3028 -10328
198996 -81.6361 -10327.3
198988 -81.9695 -10326.5
198980 -82.3028 -10325.8
198971 -82.6361 -10325
198963 -82.9695 -10324.2
198955 -83.3028 -10323.5
198946 -83.6362 -10322.7
198938 -83.9695 -10321.9
198929 -84.3028 -10321.1
198921 -84.6362 -10320.4
198912 -84.9695 -10319.6
198904 -85.3029 -10318.8
198895 -85.6362 -10318
198887 -85.9696 -10317.2
198878 -86.3029 -10316.5
198870 -86.6363 -10315.7
198861 -86.9697 -10314.9
198852 -87.303 -10314.1
198843 -87.6364 -10313.3
198835 -87.9697 -10312.5
198826 -88.3031 -10311.7
198817 -88.6365 -10310.9
198808 -88.9698 -10310.1
198799 -89.3032 -10309.3
198790 -89.6366 -10308.5
198781 -89.9699 -10307.7
198772 -90.3033 -10306.9
198763 -90.6367 -10306.1
198754 -90.9701 -10305.3
198745 -91.3034 -10304.5
198736 -91.6368 -10303.7
198726 -91.9702 -10302.9
198717 -92.3036 -10302
198708 -92.637 -10301.2
198699 -92.9704 -10300.4
198689 -93.3037 -10299.6
198680 -93.6371 -10298.8
198670 -93.9705 -10297.9
198661 -94.3039 -10297.1
198652 -94.6373 -10296.3
198642 -94.9707 -10295.4
198633 -95.3041 -10294.6
198623 -95.6375 -10293.8
198613 -95.9709 -10292.9
198604 -96.3043 -10292.1
198594 -96.6377 -10291.3
198584 -96.9711 -10290.4
198575 -97.3045 -10289.6
198565 -97.638 -10288.7
198555 -97.9714 -10287.9
198545 -98.3048 -10287
198535 -98.6382 -10286.2
198526 -98.9716 -10285.3
198516 -99.305 -10284.5
198506 -99.6385 -10283.6
198496 -99.9719 -10282.8
198486 -100.305 -10281.9
198476 -100.639 -10281.1
198465 -100.972 -10280.2
198455 -101.306 -10279.3
198445 -101.639 -10278.5
198435 -101.972 -10277.6
198425 -102.306 -10276.7
198414 -102.639 -10275.9
198404 -102.973 -10275
198394 -103.306 -10274.1
198383 -103.64 -10273.2
198373 -103.973 -10272.4
198363 -104.307 -10271.5
198352 -104.64 -10270.6
198342 -104.973 -10269.7
198331 -105.307 -10268.8
198321 -105.64 -10268
198310 -105.974 -10267.1
198299 -106.307 -10266.2
198289 -106.641 -10265.3
198278 -106.974 -10264.4
198267 -107.308 -10263.5
198256 -107.641 -10262.6
198246 -107.975 -10261.7
198235 -108.308 -10260.8
198224 -108.642 -10259.9
198213 -108.975 -10259
198202 -109.309 -10258.1
198191 -109.642 -10257.2
198180 -109.976 -10256.3
198169 -110.309 -10255.4
198158 -110.642 -10254.5
198147 -110.976 -10253.5
198136 -111.309 -10252.6
198125 -111.643 -10251.7
198114 -111.976 -10250.8
198102 -112.31 -10249.9
198091 -112.643 -10248.9
198080 -112.977 -10248
198068 -113.31 -10247.1
198057 -113.644 -10246.2
198046 -113.977 -10245.2
198034 -114.311 -10244.3
198023 -114.645 -10243.4
198011 -114.978 -10242.4
198000 -115.312 -10241.5
197988 -115.645 -10240.6
197977 -115.979 -10239.6
197965 -116.312 -10238.7
197953 -116.646 -10237.7
197942 -116.979 -10236.8
197930 -117.313 -10235.8
197918 -117.646 -10234.9
197906 -117.98 -10233.9
197894 -118.313 -10233
197883 -118.647 -10232
197871 -118.98 -10231.1
197859 -119.314 -10230.1
197847 -119.647 -10229.2
197835 -119.981 -10228.2
197823 -120.315 -10227.2
197811 -120.648 -10226.3
197799 -120.982 -10225.3
197786 -121.315 -10224.3
197774 -121.649 -10223.4
197762 -121.982 -10222.4
197750 -122.316 -10221.4
197738 -122.649 -10220.5
197725 -122.983 -10219.5
197713 -123.317 -10218.5
197701 -123.65 -10217.5
197688 -123.984 -10216.5
197676 -124.317 -10215.6
197663 -124.651 -10214.6
197651 -124.984 -10213.6
197638 -125.318 -10212.6
197626 -125.652 -10211.6
197613 -125.985 -10210.6
197600 -126.319 -10209.6
197588 -126.652 -10208.6
197575 -126.986 -10207.6
197562 -127.32 -10206.6
197550 -127.653 -10205.6
197537 -127.987 -10204.6
197524 -128.32 -10203.6
197511 -128.654 -10202.6
197498 -128.988 -10201.6
197485 -129.321 -10200.6
197472 -129.655 -10199.6
197459 -129.988 -10198.6
197446 -130.322 -10197.5
197433 -130.656 -10196.5
197420 -130.989 -10195.5
197407 -131.323 -10194.5
197394 -131.657 -10193.5
197381 -131.99 -10192.4
197367 -132.324 -10191.4
197354 -132.658 -10190.4
197341 -132.991 -10189.4
197327 -133.325 -10188.3
197314 -133.658 -10187.3
197301 -133.992 -10186.3
197287 -134.326 -10185.2
197274 -134.659 -10184.2
197260 -134.993 -10183.1
197247 -135.327 -10182.1
197233 -135.66 -10181.1
197220 -135.994 -10180
197206 -136.328 -10179
197192 -136.661 -10177.9
197179 -136.995 -10176.9
197165 -137.329 -10175.8
197151 -137.662 -10174.8
197137 -137.996 -10173.7
197124 -138.33 -10172.7
197110 -138.663 -10171.6
197096 -138.997 -10170.5
197082 -139.331 -10169.5
197068 -139.664 -10168.4
197054 -139.998 -10167.3
197040 -140.332 -10166.3
197026 -140.666 -10165.2
197012 -140.999 -10164.1
196998 -141.333 -10163.1
196983 -141.667 -10162
196969 -142 -10160.9
196955 -142.334 -10159.8
196941 -142.668 -10158.8
196926 -143.001 -10157.7
196912 -143.335 -10156.6
196898 -143.669 -10155.5
196883 -144.003 -10154.4
196869 -144.336 -10153.3
196854 -144.67 -10152.2
196840 -145.004 -10151.1
196825 -145.338 -10150
196811 -145.671 -10149
196796 -146.005 -10147.9
196782 -146.339 -10146.8
196767 -146.673 -10145.7
196752 -147.006 -10144.6
196737 -147.34 -10143.4
196723 -147.674 -10142.3
196708 -148.008 -10141.2
196693 -148.341 -10140.1
196678 -148.675 -10139
196663 -149.009 -10137.9
196648 -149.343 -10136.8
196633 -149.676 -10135.7
196618 -150.01 -10134.6
196603 -150.344 -10133.4
196588 -150.678 -10132.3
196573 -151.011 -10131.2
196558 -151.345 -10130.1
196543 -151.679 -10128.9
196528 -152.013 -10127.8
196512 -152.347 -10126.7
196497 -152.68 -10125.5
196482 -153.014 -10124.4
196466 -153.348 -10123.3
196451 -153.682 -10122.1
196436 -154.016 -10121
196420 -154.349 -10119.9
196405 -154.683 -10118.7
196389 -155.017 -10117.6
196374 -155.351 -10116.4
196358 -155.685 -10115.3
196343 -156.019 -10114.1
196327 -156.352 -10113
196311 -156.686 -10111.8
196296 -157.02 -10110.7
196280 -157.354 -10109.5
196264 -157.688 -10108.3
196248 -158.022 -10107.2
196232 -158.355 -10106
196217 -158.689 -10104.9
196201 -159.023 -10103.7
196185 -159.357 -10102.5
196169 -159.691 -10101.4
196153 -160.025 -10100.2
196137 -160.359 -10099
196121 -160.692 -10097.8
196105 -161.026 -10096.7
196088 -161.36 -10095.5
196072 -161.694 -10094.3
196056 -162.028 -10093.1
196040 -162.362 -10091.9
196024 -162.696 -10090.8
196007 -163.03 -10089.6
195991 -163.363 -10088.4
195975 -163.697 -10087.2
195958 -164.031 -10086
195942 -164.365 -10084.8
195925 -164.699 -10083.6
195909 -165.033 -10082.4
195892 -165.367 -10081.2
195876 -165.701 -10080
195859 -166.035 -10078.8
195842 -166.369 -10077.6
195826 -166.702 -10076.4
195809 -167.036 -10075.2
195792 -167.37 -10074
195776 -167.704 -10072.8
195759 -168.038 -10071.6
195742 -168.372 -10070.3
195725 -168.706 -10069.1
195708 -169.04 -10067.9
195691 -169.374 -10066.7
195674 -169.708 -10065.5
195657 -170.042 -10064.2
195640 -170.376 -10063
195623 -170.71 -10061.8
195606 -171.044 -10060.6
195589 -171.378 -10059.3
195572 -171.712 -10058.1
195554 -172.046 -10056.9
195537 -172.38 -10055.6
195520 -172.714 -10054.4
195503 -173.048 -10053.2
195485 -173.382 -10051.9
195468 -173.716 -10050.7
195451 -174.05 -10049.4
195433 -174.384 -10048.2
195416 -174.718 -10046.9
195398 -175.052 -10045.7
195381 -175.386 -10044.4
195363 -175.72 -10043.2
195345 -176.054 -10041.9
195328 -176.388 -10040.7
195310 -176.722 -10039.4
195292 -177.056 -10038.2
195275 -177.39 -10036.9
195257 -177.724 -10035.6
195239 -178.058 -10034.4
195221 -178.392 -10033.1
195203 -178.726 -10031.8
195185 -179.06 -10030.6
195168 -179.394 -10029.3
195150 -179.728 -10028
195132 -180.062 -10026.7
195113 -180.396 -10025.5
195095 -180.73 -10024.2
195077 -181.064 -10022.9
195059 -181.398 -10021.6
195041 -181.732 -10020.3
195023 -182.066 -10019
195005 -182.4 -10017.8
194986 -182.734 -10016.5
194968 -183.069 -10015.2
194950 -183.403 -10013.9
194931 -183.737 -10012.6
194913 -184.071 -10011.3
194894 -184.405 -10010
194876 -184.739 -10008.7
194857 -185.073 -10007.4
194839 -185.407 -10006.1
194820 -185.741 -10004.8
194802 -186.075 -10003.5
194783 -186.41 -10002.2
194764 -186.744 -10000.8
194746 -187.078 -9999.53
194727 -187.412 -9998.22
194708 -187.746 -9996.9
194689 -188.08 -9995.59
194671 -188.414 -9994.27
194652 -188.748 -9992.94
194633 -189.083 -9991.62
194614 -189.417 -9990.3
194595 -189.751 -9988.97
194576 -190.085 -9987.64
194557 -190.419 -9986.31
194538 -190.753 -9984.98
194519 -191.088 -9983.65
194499 -191.422 -9982.31
194480 -191.756 -9980.97
194461 -192.09 -9979.63
194442 -192.424 -9978.29
194423 -192.758 -9976.95
194403 -193.093 -9975.61
194384 -193.427 -9974.26
194365 -193.761 -9972.91
194345 -194.095 -9971.56
194326 -194.429 -9970.21
194306 -194.764 -9968.86
194287 -195.098 -9967.51
194267 -195.432 -9966.15
194248 -195.766 -9964.79
194228 -196.1 -9963.43
194208 -196.435 -9962.07
194189 -196.769 -9960.71
194169 -197.103 -9959.34
194149 -197.437 -9957.97
194129 -197.772 -9956.61
194110 -198.106 -9955.23
194090 -198.44 -9953.86
194070 -198.774 -9952.49
194050 -199.109 -9951.11
194030 -199.443 -9949.74
194010 -199.777 -9948.36
193990 -200.111 -9946.98
193970 -200.446 -9945.59
193950 -200.78 -9944.21
193930 -201.114 -9942.82
193910 -201.448 -9941.43
193889 -201.783 -9940.04
193869 -202.117 -9938.65
193849 -202.451 -9937.26
193829 -202.786 -9935.86
193808 -203.12 -9934.47
193788 -203.454 -9933.07
193768 -203.788 -9931.67
193747 -204.123 -9930.27
193727 -204.457 -9928.86
193706 -204.791 -9927.46
193686 -205.126 -9926.05
193665 -205.46 -9924.64
193645 -205.794 -9923.23
193624 -206.129 -9921.82
193603 -206.463 -9920.4
193583 -206.797 -9918.99
193562 -207.132 -9917.57
193541 -207.466 -9916.15
193521 -207.8 -9914.73
193500 -208.135 -9913.31
193479 -208.469 -9911.88
193458 -208.803 -9910.46
193437 -209.138 -9909.03
193416 -209.472 -9907.6
193395 -209.807 -9906.17
193374 -210.141 -9904.73
193353 -210.475 -9903.3
193332 -210.81 -9901.86
193311 -211.144 -9900.42
193290 -211.478 -9898.98
193269 -211.813 -9897.54
193247 -212.147 -9896.09
193226 -212.482 -9894.65
193205 -212.816 -9893.2
193183 -213.151 -9891.75
193162 -213.485 -9890.3
193141 -213.819 -9888.85
193119 -214.154 -9887.39
193098 -214.488 -9885.94
193076 -214.823 -9884.48
193055 -215.157 -9883.02
193033 -215.492 -9881.56
193012 -215.826 -9880.09
192990 -216.16 -9878.63
192969 -216.495 -9877.16
192947 -216.829 -9875.69
192925 -217.164 -9874.22
192903 -217.498 -9872.75
192882 -217.833 -9871.28
192860 -218.167 -9869.8
192838 -218.502 -9868.32
192816 -218.836 -9866.85
192794 -219.171 -9865.36
192772 -219.505 -9863.88
192750 -219.84 -9862.4
192728 -220.174 -9860.91
192706 -220.509 -9859.42
192684 -220.843 -9857.93
192662 -221.178 -9856.44
192640 -221.512 -9854.95
192618 -221.847 -9853.45
192595 -222.181 -9851.96
192573 -222.516 -9850.46
192551 -222.85 -9848.96
192528 -223.185 -9847.46
192506 -223.519 -9845.95
192484 -223.854 -9844.45
192461 -224.188 -9842.94
192439 -224.523 -9841.43
192416 -224.858 -9839.92
192394 -225.192 -9838.41
192371 -225.527 -9836.9
192349 -225.861 -9835.38
192326 -226.196 -9833.86
192303 -226.53 -9832.34
192281 -226.865 -9830.82
192258 -227.2 -9829.3
192235 -227.534 -9827.77
192213 -227.869 -9826.25
192190 -228.203 -9824.72
192167 -228.538 -9823.19
192144 -228.873 -9821.66
192121 -229.207 -9820.12
192098 -229.542 -9818.59
192075 -229.876 -9817.05
192052 -230.211 -9815.51
192029 -230.546 -9813.97
192006 -230.88 -9812.43
191983 -231.215 -9810.89
191960 -231.55 -9809.34
191936 -231.884 -9807.79
191913 -232.219 -9806.24
191890 -232.553 -9804.69
191867 -232.888 -9803.14
191843 -233.223 -9801.59
191820 -233.557 -9800.03
191797 -233.892 -9798.47
191773 -234.227 -9796.91
191750 -234.562 -9795.35
191726 -234.896 -9793.79
191703 -235.231 -9792.22
191679 -235.566 -9790.65
191656 -235.9 -9789.09
191632 -236.235 -9787.52
191608 -236.57 -9785.94
191585 -236.904 -9784.37
191561 -237.239 -9782.79
191537 -237.574 -9781.22
191513 -237.909 -9779.64
191490 -238.243 -9778.06
191466 -238.578 -9776.47
191442 -238.913 -9774.89
191418 -239.247 -9773.3
191394 -239.582 -9771.72
191370 -239.917 -9770.13
191346 -240.252 -9768.53
191322 -240.587 -9766.94
191298 -240.921 -9765.35
191274 -241.256 -9763.75
191249 -241.591 -9762.15
191225 -241.926 -9760.55
191201 -242.26 -9758.95
191177 -242.595 -9757.35
191152 -242.93 -9755.74
191128 -243.265 -9754.13
191104 -243.6 -9752.52
191079 -243.934 -9750.91
191055 -244.269 -9749.3
191031 -244.604 -9747.69
191006 -244.939 -9746.07
190981 -245.274 -9744.45
190957 -245.608 -9742.83
190932 -245.943 -9741.21
190908 -246.278 -9739.59
190883 -246.613 -9737.96
190858 -246.948 -9736.34
190834 -247.283 -9734.71
190809 -247.618 -9733.08
190784 -247.952 -9731.45
190759 -248.287 -9729.81
190734 -248.622 -9728.18
190709 -248.957 -9726.54
190685 -249.292 -9724.9
190660 -249.627 -9723.26
190635 -249.962 -9721.62
190610 -250.297 -9719.98
190584 -250.631 -9718.33
190559 -250.966 -9716.68
190534 -251.301 -9715.03
190509 -251.636 -9713.38
190484 -251.971 -9711.73
190459 -252.306 -9710.08
190433 -252.641 -9708.42
190408 -252.976 -9706.76
190383 -253.311 -9705.1
190357 -253.646 -9703.44
190332 -253.981 -9701.78
190307 -254.316 -9700.11
190281 -254.651 -9698.44
190256 -254.986 -9696.78
190230 -255.321 -9695.11
190205 -255.655 -9693.43
190179 -255.99 -9691.76
190153 -256.325 -9690.08
190128 -256.66 -9688.41
190102 -256.995 -9686.73
190076 -257.33 -9685.05
190050 -257.665 -9683.36
190025 -258 -9681.68
189999 -258.335 -9679.99
189973 -258.67 -9678.3
189947 -259.005 -9676.61
189921 -259.34 -9674.92
189895 -259.675 -9673.23
189869 -260.011 -9671.53
189843 -260.346 -9669.84
189817 -260.681 -9668.14
189791 -261.016 -9666.44
189765 -261.351 -9664.74
189739 -261.686 -9663.03
189712 -262.021 -9661.33
189686 -262.356 -9659.62
189660 -262.691 -9657.91
189634 -263.026 -9656.2
189607 -263.361 -9654.49
189581 -263.696 -9652.77
189555 -264.031 -9651.06
189528 -264.366 -9649.34
189502 -264.701 -9647.62
189475 -265.037 -9645.9
189449 -265.372 -9644.18
189422 -265.707 -9642.45
189395 -266.042 -9640.72
189369 -266.377 -9639
189342 -266.712 -9637.27
189315 -267.047 -9635.53
189289 -267.382 -9633.8
189262 -267.718 -9632.06
189235 -268.053 -9630.33
189208 -268.388 -9628.59
189181 -268.723 -9626.85
189154 -269.058 -9625.11
189127 -269.393 -9623.36
189101 -269.729 -9621.61
189074 -270.064 -9619.87
189046 -270.399 -9618.12
189019 -270.734 -9616.37
188992 -271.069 -9614.61
188965 -271.405 -9612.86
188938 -271.74 -9611.1
188911 -272.075 -9609.34
188884 -272.41 -9607.58
188856 -272.745 -9605.82
188829 -273.081 -9604.06
188802 -273.416 -9602.29
188774 -273.751 -9600.53
188747 -274.086 -9598.76
188719 -274.422 -9596.99
188692 -274.757 -9595.21
188664 -275.092 -9593.44
188637 -275.427 -9591.66
188609 -275.763 -9589.89
188582 -276.098 -9588.11
188554 -276.433 -9586.33
188526 -276.768 -9584.54
188499 -277.104 -9582.76
188471 -277.439 -9580.97
188443 -277.774 -9579.18
188415 -278.11 -9577.39
188387 -278.445 -9575.6
188360 -278.78 -9573.81
188332 -279.116 -9572.01
188304 -279.451 -9570.22
188276 -279.786 -9568.42
188248 -280.122 -9566.62
188220 -280.457 -9564.82
188192 -280.792 -9563.01
188163 -281.128 -9561.21
188135 -281.463 -9559.4
188107 -281.798 -9557.59
188079 -282.134 -9555.78
188051 -282.469 -9553.96
188022 -282.804 -9552.15
187994 -283.14 -9550.33
187966 -283.475 -9548.52
187937 -283.811 -9546.7
187909 -284.146 -9544.87
187881 -284.481 -9543.05
187852 -284.817 -9541.23
187824 -285.152 -9539.4
187795 -285.488 -9537.57
187766 -285.823 -9535.74
187738 -286.159 -9533.91
187709 -286.494 -9532.07
187680 -286.829 -9530.24
187652 -287.165 -9528.4
187623 -287.5 -9526.56
187594 -287.836 -9524.72
187565 -288.171 -9522.88
187537 -288.507 -9521.03
187508 -288.842 -9519.19
187479 -289.178 -9517.34
187450 -289.513 -9515.49
187421 -289.849 -9513.64
187392 -290.184 -9511.78
187363 -290.52 -9509.93
187334 -290.855 -9508.07
187305 -291.191 -9506.21
187275 -291.526 -9504.35
187246 -291.862 -9502.49
187217 -292.197 -9500.63
187188 -292.533 -9498.76
187158 -292.868 -9496.89
187129 -293.204 -9495.03
187100 -293.539 -9493.15
187070 -293.875 -9491.28
187041 -294.211 -9489.41
187011 -294.546 -9487.53
186982 -294.882 -9485.65
186952 -295.217 -9483.77
186923 -295.553 -9481.89
186893 -295.888 -9480.01
186864 -296.224 -9478.12
186834 -296.56 -9476.24
186804 -296.895 -9474.35
186775 -297.231 -9472.46
186745 -297.566 -9470.57
186715 -297.902 -9468.67
186685 -298.238 -9466.78
186655 -298.573 -9464.88
186626 -298.909 -9462.98
186596 -299.245 -9461.08
186566 -299.58 -9459.18
186536 -299.916 -9457.27
186506 -300.252 -9455.37
186476 -300.587 -9453.46
186445 -300.923 -9451.55
186415 -301.259 -9449.64
186385 -301.594 -9447.72
186355 -301.93 -9445.81
186325 -302.266 -9443.89
186295 -302.601 -9441.97
186264 -302.937 -9440.05
186234 -303.273 -9438.13
186204 -303.609 -9436.21
186173 -303.944 -9434.28
186143 -304.28 -9432.36
186112 -304.616 -9430.43
186082 -304.951 -9428.5
186051 -305.287 -9426.56
186021 -305.623 -9424.63
185990 -305.959 -9422.69
185959 -306.295 -9420.76
185929 -306.63 -9418.82
185898 -306.966 -9416.87
185867 -307.302 -9414.93
185837 -307.638 -9412.99
185806 -307.973 -9411.04
185775 -308.309 -9409.09
185744 -308.645 -9407.14
185713 -308.981 -9405.19
185682 -309.317 -9403.24
185651 -309.652 -9401.28
185620 -309.988 -9399.32
185589 -310.324 -9397.36
185558 -310.66 -9395.4
185527 -310.996 -9393.44
185496 -311.332 -9391.48
185465 -311.668 -9389.51
185434 -312.003 -9387.54
185402 -312.339 -9385.57
185371 -312.675 -9383.6
185340 -313.011 -9381.63
185308 -313.347 -9379.65
185277 -313.683 -9377.68
185246 -314.019 -9375.7
185214 -314.355 -9373.72
185183 -314.691 -9371.74
185151 -315.026 -9369.75
185120 -315.362 -9367.77
185088 -315.698 -9365.78
185057 -316.034 -9363.79
185025 -316.37 -9361.8
184993 -316.706 -9359.81
184962 -317.042 -9357.81
184930 -317.378 -9355.82
184898 -317.714 -9353.82
184866 -318.05 -9351.82
184834 -318.386 -9349.82
184803 -318.722 -9347.82
184771 -319.058 -9345.81
184739 -319.394 -9343.8
184707 -319.73 -9341.8
184675 -320.066 -9339.79
184643 -320.402 -9337.77
184611 -320.738 -9335.76
184578 -321.074 -9333.75
184546 -321.41 -9331.73
184514 -321.746 -9329.71
184482 -322.082 -9327.69
184450 -322.418 -9325.67
184417 -322.754 -9323.64
184385 -323.09 -9321.62
184353 -323.426 -9319.59
184320 -323.762 -9317.56
184288 -324.098 -9315.53
184256 -324.435 -9313.49
184223 -324.771 -9311.46
184191 -325.107 -9309.42
184158 -325.443 -9307.39
184125 -325.779 -9305.34
184093 -326.115 -9303.3
184060 -326.451 -9301.26
184028 -326.787 -9299.21
183995 -327.123 -9297.17
183962 -327.46 -9295.12
183929 -327.796 -9293.07
183896 -328.132 -9291.01
183864 -328.468 -9288.96
183831 -328.804 -9286.9
183798 -329.14 -9284.85
183765 -329.477 -9282.79
183732 -329.813 -9280.73
183699 -330.149 -9278.66
183666 -330.485 -9276.6
183633 -330.821 -9274.53
183600 -331.158 -9272.46
183566 -331.494 -9270.39
183533 -331.83 -9268.32
183500 -332.166 -9266.25
183467 -332.502 -9264.17
183434 -332.839 -9262.1
183400 -333.175 -9260.02
183367 -333.511 -9257.94
183333 -333.847 -9255.85
183300 -334.184 -9253.77
183267 -334.52 -9251.68
183233 -334.856 -9249.6
183200 -335.193 -9247.51
183166 -335.529 -9245.41
183132 -335.865 -9243.32
183099 -336.201 -9241.23
183065 -336.538 -9239.13
183032 -336.874 -9237.03
182998 -337.21 -9234.93
182964 -337.547 -9232.83
182930 -337.883 -9230.73
182896 -338.219 -9228.62
182863 -338.556 -9226.51
182829 -338.892 -9224.41
182795 -339.228 -9222.29
182761 -339.565 -9220.18
182727 -339.901 -9218.07
182693 -340.238 -9215.95
182659 -340.574 -9213.83
182625 -340.91 -9211.71
182591 -341.247 -9209.59
182556 -341.583 -9207.47
182522 -341.92 -9205.35
182488 -342.256 -9203.22
182454 -342.592 -9201.09
182419 -342.929 -9198.96
182385 -343.265 -9196.83
182351 -343.602 -9194.69
182316 -343.938 -9192.56
182282 -344.275 -9190.42
182247 -344.611 -9188.28
182213 -344.948 -9186.14
182178 -345.284 -9184
182144 -345.621 -9181.86
182109 -345.957 -9179.71
182075 -346.293 -9177.56
182040 -346.63 -9175.41
182005 -346.967 -9173.26
181971 -347.303 -9171.11
181936 -347.64 -9168.95
181901 -347.976 -9166.8
181866 -348.313 -9164.64
181831 -348.649 -9162.48
181796 -348.986 -9160.32
181761 -349.322 -9158.15
181726 -349.659 -9155.99
181691 -349.995 -9153.82
181656 -350.332 -9151.65
181621 -350.669 -9149.48
181586 -351.005 -9147.31
181551 -351.342 -9145.13
181516 -351.678 -9142.96
181481 -352.015 -9140.78
181446 -352.352 -9138.6
181410 -352.688 -9136.42
181375 -353.025 -9134.24
181340 -353.361 -9132.05
181304 -353.698 -9129.86
181269 -354.035 -9127.68
181233 -354.371 -9125.49
181198 -354.708 -9123.29
181162 -355.045 -9121.1
181127 -355.381 -9118.9
181091 -355.718 -9116.71
181056 -356.055 -9114.51
181020 -356.391 -9112.31
180984 -356.728 -9110.1
180949 -357.065 -9107.9
180913 -357.402 -9105.69
180877 -357.738 -9103.49
180841 -358.075 -9101.28
180806 -358.412 -9099.07
180770 -358.748 -9096.85
180734 -359.085 -9094.64
180698 -359.422 -9092.42
180662 -359.759 -9090.2
180626 -360.096 -9087.98
180590 -360.432 -9085.76
180554 -360.769 -9083.54
180518 -361.106 -9081.31
180481 -361.443 -9079.08
180445 -361.779 -9076.85
180409 -362.116 -9074.62
180373 -362.453 -9072.39
180337 -362.79 -9070.16
180300 -363.127 -9067.92
180264 -363.464 -9065.68
180228 -363.8 -9063.44
180191 -364.137 -9061.2
180155 -364.474 -9058.96
180118 -364.811 -9056.71
180082 -365.148 -9054.47
180045 -365.485 -9052.22
180009 -365.822 -9049.97
179972 -366.159 -9047.72
179935 -366.495 -9045.46
179899 -366.832 -9043.21
179862 -367.169 -9040.95
179825 -367.506 -9038.69
179788 -367.843 -9036.43
179751 -368.18 -9034.17
179715 -368.517 -9031.9
179678 -368.854 -9029.63
179641 -369.191 -9027.37
179604 -369.528 -9025.1
179567 -369.865 -9022.83
179530 -370.202 -9020.55
179493 -370.539 -9018.28
179456 -370.876 -9016
179419 -371.213 -9013.72
179381 -371.55 -9011.44
179344 -371.887 -9009.16
179307 -372.224 -9006.88
179270 -372.561 -9004.59
179233 -372.898 -9002.3
179195 -373.235 -9000.01
179158 -373.572 -8997.72
179120 -373.909 -8995.43
179083 -374.246 -8993.13
179046 -374.583 -8990.84
179008 -374.92 -8988.54
178971 -375.257 -8986.24
178933 -375.594 -8983.94
178895 -375.931 -8981.64
178858 -376.269 -8979.33
178820 -376.606 -8977.02
178782 -376.943 -8974.71
178745 -377.28 -8972.4
178707 -377.617 -8970.09
178669 -377.954 -8967.78
178631 -378.291 -8965.46
178593 -378.628 -8963.14
178556 -378.966 -8960.83
178518 -379.303 -8958.5
178480 -379.64 -8956.18
178442 -379.977 -8953.86
178404 -380.314 -8951.53
178366 -380.652 -8949.2
178327 -380.989 -8946.87
178289 -381.326 -8944.54
178251 -381.663 -8942.21
178213 -382 -8939.87
178175 -382.338 -8937.53
178136 -382.675 -8935.2
178098 -383.012 -8932.86
178060 -383.349 -8930.51
178021 -383.687 -8928.17
177983 -384.024 -8925.82
177945 -384.361 -8923.48
177906 -384.698 -8921.13
177868 -385.036 -8918.77
177829 -385.373 -8916.42
177791 -385.71 -8914.07
177752 -386.048 -8911.71
177713 -386.385 -8909.35
177675 -386.722 -8906.99
177636 -387.06 -8904.63
177597 -387.397 -8902.27
177558 -387.734 -8899.9
177520 -388.072 -8897.53
177481 -388.409 -8895.16
177442 -388.746 -8892.79
177403 -389.084 -8890.42
177364 -389.421 -8888.05
177325 -389.759 -8885.67
177286 -390.096 -8883.29
177247 -390.433 -8880.91
177208 -390.771 -8878.53
177169 -391.108 -8876.15
177130 -391.446 -8873.76
177090 -391.783 -8871.38
177051 -392.121 -8868.99
177012 -392.458 -8866.6
176973 -392.795 -8864.21
176933 -393.133 -8861.81
176894 -393.47 -8859.42
176855 -393.808 -8857.02
176815 -394.145 -8854.62
176776 -394.483 -8852.22
176736 -394.82 -8849.82
176697 -395.158 -8847.41
176657 -395.495 -8845.01
176618 -395.833 -8842.6
176578 -396.17 -8840.19
176538 -396.508 -8837.78
176499 -396.846 -8835.37
176459 -397.183 -8832.95
176419 -397.521 -8830.53
176379 -397.858 -8828.12
176340 -398.196 -8825.7
176300 -398.533 -8823.27
176260 -398.871 -8820.85
176220 -399.209 -8818.42
176180 -399.546 -8816
176140 -399.884 -8813.57
176100 -400.221 -8811.14
176060 -400.559 -8808.7
176020 -400.897 -8806.27
175980 -401.234 -8803.83
175940 -401.572 -8801.39
175899 -401.91 -8798.95
175859 -402.247 -8796.51
175819 -402.585 -8794.07
175779 -402.923 -8791.62
175738 -403.26 -8789.18
175698 -403.598 -8786.73
175658 -403.936 -8784.28
175617 -404.274 -8781.83
175577 -404.611 -8779.37
175536 -404.949 -8776.92
175496 -405.287 -8774.46
175455 -405.624 -8772
175414 -405.962 -8769.54
175374 -406.3 -8767.08
175333 -406.638 -8764.61
175293 -406.976 -8762.14
175252 -407.313 -8759.68
175211 -407.651 -8757.21
175170 -407.989 -8754.73
175129 -408.327 -8752.26
175089 -408.665 -8749.79
175048 -409.002 -8747.31
175007 -409.34 -8744.83
174966 -409.678 -8742.35
174925 -410.016 -8739.87
174884 -410.354 -8737.38
174843 -410.692 -8734.9
174801 -411.029 -8732.41
174760 -411.367 -8729.92
174719 -411.705 -8727.43
174678 -412.043 -8724.93
174637 -412.381 -8722.44
174595 -412.719 -8719.94
174554 -413.057 -8717.44
174513 -413.395 -8714.94
174471 -413.733 -8712.44
174430 -414.071 -8709.94
174389 -414.409 -8707.43
174347 -414.747 -8704.93
174306 -415.085 -8702.42
174264 -415.422 -8699.91
174223 -415.76 -8697.39
174181 -416.098 -8694.88
174139 -416.436 -8692.36
174098 -416.774 -8689.84
174056 -417.112 -8687.33
174014 -417.45 -8684.8
173972 -417.789 -8682.28
173931 -418.127 -8679.76
173889 -418.465 -8677.23
173847 -418.803 -8674.7
173805 -419.141 -8672.17
173763 -419.479 -8669.64
173721 -419.817 -8667.1
173679 -420.155 -8664.57
173637 -420.493 -8662.03
173595 -420.831 -8659.49
173553 -421.169 -8656.95
173511 -421.507 -8654.41
173468 -421.845 -8651.86
173426 -422.184 -8649.32
173384 -422.522 -8646.77
173342 -422.86 -8644.22
173299 -423.198 -8641.67
173257 -423.536 -8639.11
173215 -423.874 -8636.56
173172 -424.213 -8634
173130 -424.551 -8631.44
173087 -424.889 -8628.88
173045 -425.227 -8626.32
173002 -425.565 -8623.76
172960 -425.904 -8621.19
172917 -426.242 -8618.62
172874 -426.58 -8616.05
172832 -426.918 -8613.48
172789 -427.257 -8610.91
172746 -427.595 -8608.33
172703 -427.933 -8605.76
172660 -428.271 -8603.18
172618 -428.61 -8600.6
172575 -428.948 -8598.02
172532 -429.286 -8595.43
172489 -429.625 -8592.85
172446 -429.963 -8590.26
172403 -430.301 -8587.67
172360 -430.64 -8585.08
172317 -430.978 -8582.49
172273 -431.316 -8579.89
172230 -431.655 -8577.3
172187 -431.993 -8574.7
172144 -432.331 -8572.1
172101 -432.67 -8569.5
172057 -433.008 -8566.89
172014 -433.346 -8564.29
171971 -433.685 -8561.68
171927 -434.023 -8559.07
171884 -434.362 -8556.46
171840 -434.7 -8553.85
171797 -435.039 -8551.24
171753 -435.377 -8548.62
171710 -435.715 -8546.01
171666 -436.054 -8543.39
171622 -436.392 -8540.76
171579 -436.731 -8538.14
171535 -437.069 -8535.52
171491 -437.408 -8532.89
171448 -437.746 -8530.26
171404 -438.085 -8527.63
171360 -438.423 -8525
171316 -438.762 -8522.37
171272 -439.101 -8519.73
171228 -439.439 -8517.1
171184 -439.778 -8514.46
171140 -440.116 -8511.82
171096 -440.455 -8509.17
171052 -440.793 -8506.53
171008 -441.132 -8503.88
170964 -441.471 -8501.24
170920 -441.809 -8498.59
170875 -442.148 -8495.94
170831 -442.486 -8493.28
170787 -442.825 -8490.63
170743 -443.164 -8487.97
170698 -443.502 -8485.31
170654 -443.841 -8482.65
170609 -444.18 -8479.99
170565 -444.518 -8477.33
170520 -444.857 -8474.66
170476 -445.196 -8471.99
170431 -445.534 -8469.33
170387 -445.873 -8466.65
170342 -446.212 -8463.98
170298 -446.551 -8461.31
170253 -446.889 -8458.63
170208 -447.228 -8455.95
170163 -447.567 -8453.27
170119 -447.906 -8450.59
170074 -448.244 -8447.91
170029 -448.583 -8445.22
169984 -448.922 -8442.54
169939 -449.261 -8439.85
169894 -449.599 -8437.16
169849 -449.938 -8434.47
169804 -450.277 -8431.77
169759 -450.616 -8429.08
169714 -450.955 -8426.38
169669 -451.294 -8423.68
169624 -451.632 -8420.98
169578 -451.971 -8418.27
169533 -452.31 -8415.57
169488 -452.649 -8412.86
169443 -452.988 -8410.16
169397 -453.327 -8407.45
169352 -453.666 -8404.73
169307 -454.005 -8402.02
169261 -454.344 -8399.3
169216 -454.683 -8396.59
169170 -455.021 -8393.87
169125 -455.36 -8391.15
169079 -455.699 -8388.43
169033 -456.038 -8385.7
168988 -456.377 -8382.98
168942 -456.716 -8380.25
168896 -457.055 -8377.52
168851 -457.394 -8374.79
168805 -457.733 -8372.05
168759 -458.072 -8369.32
168713 -458.411 -8366.58
168667 -458.75 -8363.84
168621 -459.089 -8361.1
168576 -459.428 -8358.36
168530 -459.768 -8355.62
168484 -460.107 -8352.87
168437 -460.446 -8350.12
168391 -460.785 -8347.37
168345 -461.124 -8344.62
168299 -461.463 -8341.87
168253 -461.802 -8339.12
168207 -462.141 -8336.36
168160 -462.48 -8333.6
168114 -462.82 -8330.84
168068 -463.159 -8328.08
168022 -463.498 -8325.32
167975 -463.837 -8322.55
167929 -464.176 -8319.78
167882 -464.515 -8317.02
167836 -464.855 -8314.24
167789 -465.194 -8311.47
167743 -465.533 -8308.7
167696 -465.872 -8305.92
167650 -466.211 -8303.14
167603 -466.551 -8300.37
167556 -466.89 -8297.58
167509 -467.229 -8294.8
167463 -467.568 -8292.02
167416 -467.908 -8289.23
167369 -468.247 -8286.44
167322 -468.586 -8283.65
167275 -468.926 -8280.86
167228 -469.265 -8278.06
167181 -469.604 -8275.27
167134 -469.944 -8272.47
167087 -470.283 -8269.67
167040 -470.622 -8266.87
166993 -470.962 -8264.07
166946 -471.301 -8261.26
166899 -471.64 -8258.46
166852 -471.98 -8255.65
166805 -472.319 -8252.84
166757 -472.658 -8250.03
166710 -472.998 -8247.22
166663 -473.337 -8244.4
166615 -473.677 -8241.58
166568 -474.016 -8238.76
166520 -474.356 -8235.94
166473 -474.695 -8233.12
166425 -475.035 -8230.3
166378 -475.374 -8227.47
166330 -475.714 -8224.64
166283 -476.053 -8221.81
166235 -476.392 -8218.98
166187 -476.732 -8216.15
166140 -477.072 -8213.32
166092 -477.411 -8210.48
166044 -477.751 -8207.64
165996 -478.09 -8204.8
165949 -478.43 -8201.96
165901 -478.769 -8199.11
165853 -479.109 -8196.27
165805 -479.448 -8193.42
165757 -479.788 -8190.57
165709 -480.128 -8187.72
165661 -480.467 -8184.87
165613 -480.807 -8182.01
165565 -481.146 -8179.16
165516 -481.486 -8176.3
165468 -481.826 -8173.44
165420 -482.165 -8170.58
165372 -482.505 -8167.72
165324 -482.845 -8164.85
165275 -483.184 -8161.98
165227 -483.524 -8159.11
165178 -483.864 -8156.24
165130 -484.204 -8153.37
165082 -484.543 -8150.5
165033 -484.883 -8147.62
164985 -485.223 -8144.74
164936 -485.562 -8141.86
164887 -485.902 -8138.98
164839 -486.242 -8136.1
164790 -486.582 -8133.22
164741 -486.922 -8130.33
164693 -487.261 -8127.44
164644 -487.601 -8124.55
164595 -487.941 -8121.66
164546 -488.281 -8118.76
164497 -488.621 -8115.87
164449 -488.96 -8112.97
164400 -489.3 -8110.07
164351 -489.64 -8107.17
164302 -489.98 -8104.27
164253 -490.32 -8101.36
164204 -490.66 -8098.46
164154 -491 -8095.55
164105 -491.34 -8092.64
164056 -491.68 -8089.73
164007 -492.019 -8086.82
163958 -492.359 -8083.9
163908 -492.699 -8080.98
163859 -493.039 -8078.06
163810 -493.379 -8075.14
163760 -493.719 -8072.22
163711 -494.059 -8069.3
163662 -494.399 -8066.37
163612 -494.739 -8063.44
163563 -495.079 -8060.51
163513 -495.419 -8057.58
163464 -495.759 -8054.65
163414 -496.099 -8051.71
163364 -496.439 -8048.78
163315 -496.779 -8045.84
163265 -497.119 -8042.9
163215 -497.46 -8039.96
163165 -497.8 -8037.01
163116 -498.14 -8034.07
163066 -498.48 -8031.12
163016 -498.82 -8028.17
162966 -499.16 -8025.22
162916 -499.5 -8022.27
162866 -499.84 -8019.31
162816 -500.181 -8016.36
162766 -500.521 -8013.4
162716 -500.861 -8010.44
162666 -501.201 -8007.48
162616 -501.541 -8004.51
162565 -501.881 -8001.55
162515 -502.222 -7998.58
162465 -502.562 -7995.61
162415 -502.902 -7992.64
162364 -503.242 -7989.67
162314 -503.583 -7986.69
162264 -503.923 -7983.72
162213 -504.263 -7980.74
162163 -504.603 -7977.76
162112 -504.944 -7974.78
162062 -505.284 -7971.8
162011 -505.624 -7968.81
161960 -505.965 -7965.83
161910 -506.305 -7962.84
161859 -506.645 -7959.85
161808 -506.986 -7956.85
161758 -507.326 -7953.86
161707 -507.666 -7950.86
161656 -508.007 -7947.87
161605 -508.347 -7944.87
161554 -508.687 -7941.87
161504 -509.028 -7938.86
161453 -509.368 -7935.86
161402 -509.709 -7932.85
161351 -510.049 -7929.84
161300 -510.39 -7926.83
161249 -510.73 -7923.82
161197 -511.071 -7920.81
161146 -511.411 -7917.79
161095 -511.751 -7914.78
161044 -512.092 -7911.76
160993 -512.432 -7908.74
160941 -512.773 -7905.71
160890 -513.114 -7902.69
160839 -513.454 -7899.66
160787 -513.795 -7896.64
160736 -514.135 -7893.61
160684 -514.476 -7890.57
160633 -514.816 -7887.54
160581 -515.157 -7884.51
160530 -515.497 -7881.47
160478 -515.838 -7878.43
160427 -516.179 -7875.39
160375 -516.519 -7872.35
160323 -516.86 -7869.3
160272 -517.201 -7866.26
160220 -517.541 -7863.21
160168 -517.882 -7860.16
160116 -518.223 -7857.11
160064 -518.563 -7854.06
160013 -518.904 -7851
159961 -519.245 -7847.95
159909 -519.585 -7844.89
159857 -519.926 -7841.83
159805 -520.267 -7838.76
159753 -520.608 -7835.7
159700 -520.948 -7832.64
159648 -521.289 -7829.57
159596 -521.63 -7826.5
159544 -521.971 -7823.43
159492 -522.311 -7820.36
159439 -522.652 -7817.28
159387 -522.993 -7814.2
159335 -523.334 -7811.13
159282 -523.675 -7808.05
159230 -524.015 -7804.96
159178 -524.356 -7801.88
159125 -524.697 -7798.8
159073 -525.038 -7795.71
159020 -525.379 -7792.62
158968 -525.72 -7789.53
158915 -526.061 -7786.44
158862 -526.402 -7783.34
158810 -526.743 -7780.25
158757 -527.084 -7777.15
158704 -527.424 -7774.05
158651 -527.765 -7770.95
158599 -528.106 -7767.84
158546 -528.447 -7764.74
158493 -528.788 -7761.63
158440 -529.129 -7758.52
158387 -529.47 -7755.41
158334 -529.811 -7752.3
158281 -530.152 -7749.19
158228 -530.493 -7746.07
158175 -530.834 -7742.95
158122 -531.175 -7739.84
158069 -531.517 -7736.71
158015 -531.858 -7733.59
157962 -532.199 -7730.47
157909 -532.54 -7727.34
157856 -532.881 -7724.21
157802 -533.222 -7721.08
157749 -533.563 -7717.95
157696 -533.904 -7714.82
157642 -534.245 -7711.68
157589 -534.587 -7708.54
157535 -534.928 -7705.4
157482 -535.269 -7702.26
157428 -535.61 -7699.12
157375 -535.951 -7695.98
157321 -536.293 -7692.83
157267 -536.634 -7689.68
157214 -536.975 -7686.53
157160 -537.316 -7683.38
157106 -537.657 -7680.23
157052 -537.999 -7677.07
156998 -538.34 -7673.91
156945 -538.681 -7670.76
156891 -539.023 -7667.59
156837 -539.364 -7664.43
156783 -539.705 -7661.27
156729 -540.046 -7658.1
156675 -540.388 -7654.93
156621 -540.729 -7651.76
156567 -541.071 -7648.59
156512 -541.412 -7645.42
156458 -541.753 -7642.25
156404 -542.095 -7639.07
156350 -542.436 -7635.89
156295 -542.777 -7632.71
156241 -543.119 -7629.53
156187 -543.46 -7626.34
156132 -543.802 -7623.16
156078 -544.143 -7619.97
156024 -544.485 -7616.78
155969 -544.826 -7613.59
155915 -545.168 -7610.4
155860 -545.509 -7607.2
155805 -545.851 -7604.01
155751 -546.192 -7600.81
155696 -546.534 -7597.61
155641 -546.875 -7594.4
155587 -547.217 -7591.2
155532 -547.558 -7588
155477 -547.9 -7584.79
155422 -548.241 -7581.58
155368 -548.583 -7578.37
155313 -548.925 -7575.16
155258 -549.266 -7571.94
155203 -549.608 -7568.72
155148 -549.949 -7565.51
155093 -550.291 -7562.29
155038 -550.633 -7559.06
154983 -550.974 -7555.84
154927 -551.316 -7552.62
154872 -551.658 -7549.39
154817 -551.999 -7546.16
154762 -552.341 -7542.93
154707 -552.683 -7539.7
154651 -553.024 -7536.46
154596 -553.366 -7533.23
154541 -553.708 -7529.99
154485 -554.05 -7526.75
154430 -554.391 -7523.51
154374 -554.733 -7520.26
154319 -555.075 -7517.02
154263 -555.417 -7513.77
154208 -555.759 -7510.52
154152 -556.1 -7507.27
154096 -556.442 -7504.02
154041 -556.784 -7500.77
153985 -557.126 -7497.51
153929 -557.468 -7494.25
153873 -557.81 -7490.99
153818 -558.152 -7487.73
153762 -558.493 -7484.47
153706 -558.835 -7481.2
153650 -559.177 -7477.94
153594 -559.519 -7474.67
153538 -559.861 -7471.4
153482 -560.203 -7468.13
153426 -560.545 -7464.85
153370 -560.887 -7461.58
153314 -561.229 -7458.3
153258 -561.571 -7455.02
153201 -561.913 -7451.74
153145 -562.255 -7448.46
153089 -562.597 -7445.17
153033 -562.939 -7441.89
152976 -563.281 -7438.6
152920 -563.623 -7435.31
152864 -563.965 -7432.01
152807 -564.307 -7428.72
152751 -564.649 -7425.43
152694 -564.991 -7422.13
152638 -565.334 -7418.83
152581 -565.676 -7415.53
152524 -566.018 -7412.23
152468 -566.36 -7408.92
152411 -566.702 -7405.62
152354 -567.044 -7402.31
152298 -567.386 -7399
152241 -567.729 -7395.69
152184 -568.071 -7392.37
152127 -568.413 -7389.06
152070 -568.755 -7385.74
152013 -569.098 -7382.42
151957 -569.44 -7379.1
151900 -569.782 -7375.78
151843 -570.124 -7372.45
151786 -570.467 -7369.13
151728 -570.809 -7365.8
151671 -571.151 -7362.47
151614 -571.493 -7359.14
151557 -571.836 -7355.81
151500 -572.178 -7352.47
151443 -572.52 -7349.13
151385 -572.863 -7345.79
151328 -573.205 -7342.45
151271 -573.548 -7339.11
151213 -573.89 -7335.77
151156 -574.232 -7332.42
151098 -574.575 -7329.07
151041 -574.917 -7325.72
150983 -575.26 -7322.37
150926 -575.602 -7319.02
150868 -575.944 -7315.67
150810 -576.287 -7312.31
150753 -576.629 -7308.95
150695 -576.972 -7305.59
150637 -577.314 -7302.23
150580 -577.657 -7298.86
150522 -577.999 -7295.5
150464 -578.342 -7292.13
150406 -578.684 -7288.76
150348 -579.027 -7285.39
150290 -579.37 -7282.02
150232 -579.712 -7278.64
150174 -580.055 -7275.27
150116 -580.397 -7271.89
150058 -580.74 -7268.51
150000 -581.083 -7265.13
149942 -581.425 -7261.74
149884 -581.768 -7258.36
149826 -582.11 -7254.97
149767 -582.453 -7251.58
149709 -582.796 -7248.19
149651 -583.138 -7244.8
149592 -583.481 -7241.4
149534 -583.824 -7238
149476 -584.167 -7234.61
149417 -584.509 -7231.21
149359 -584.852 -7227.8
149300 -585.195 -7224.4
149242 -585.538 -7221
149183 -585.88 -7217.59
149124 -586.223 -7214.18
149066 -586.566 -7210.77
149007 -586.909 -7207.36
148948 -587.252 -7203.94
148890 -587.594 -7200.53
148831 -587.937 -7197.11
148772 -588.28 -7193.69
148713 -588.623 -7190.27
148654 -588.966 -7186.84
148595 -589.309 -7183.42
148536 -589.652 -7179.99
148477 -589.995 -7176.56
148418 -590.337 -7173.13
148359 -590.68 -7169.7
148300 -591.023 -7166.26
148241 -591.366 -7162.83
148182 -591.709 -7159.39
148123 -592.052 -7155.95
148063 -592.395 -7152.51
148004 -592.738 -7149.07
147945 -593.081 -7145.62
147885 -593.424 -7142.17
147826 -593.767 -7138.72
147767 -594.11 -7135.27
147707 -594.453 -7131.82
147648 -594.797 -7128.37
147588 -595.14 -7124.91
147529 -595.483 -7121.45
147469 -595.826 -7117.99
147409 -596.169 -7114.53
147350 -596.512 -7111.07
147290 -596.855 -7107.6
147230 -597.198 -7104.14
147171 -597.542 -7100.67
147111 -597.885 -7097.2
147051 -598.228 -7093.73
146991 -598.571 -7090.25
146931 -598.914 -7086.78
146871 -599.258 -7083.3
146811 -599.601 -7079.82
146751 -599.944 -7076.34
146691 -600.287 -7072.86
146631 -600.631 -7069.37
146571 -600.974 -7065.88
146511 -601.317 -7062.4
146451 -601.66 -7058.91
146391 -602.004 -7055.41
146330 -602.347 -7051.92
146270 -602.69 -7048.42
146210 -603.034 -7044.93
146150 -603.377 -7041.43
146089 -603.72 -7037.93
146029 -604.064 -7034.42
145968 -604.407 -7030.92
145908 -604.751 -7027.41
145847 -605.094 -7023.9
145787 -605.438 -7020.39
145726 -605.781 -7016.88
145666 -606.124 -7013.37
145605 -606.468 -7009.85
145544 -606.811 -7006.33
145484 -607.155 -7002.82
145423 -607.498 -6999.29
145362 -607.842 -6995.77
145301 -608.185 -6992.25
145240 -608.529 -6988.72
145179 -608.873 -6985.19
145119 -609.216 -6981.66
145058 -609.56 -6978.13
144997 -609.903 -6974.6
144936 -610.247 -6971.06
144874 -610.59 -6967.52
144813 -610.934 -6963.98
144752 -611.278 -6960.44
144691 -611.621 -6956.9
144630 -611.965 -6953.36
144569 -612.309 -6949.81
144507 -612.652 -6946.26
144446 -612.996 -6942.71
144385 -613.34 -6939.16
144323 -613.683 -6935.61
144262 -614.027 -6932.05
144201 -614.371 -6928.49
144139 -614.715 -6924.94
144078 -615.058 -6921.37
144016 -615.402 -6917.81
143954 -615.746 -6914.25
143893 -616.09 -6910.68
143831 -616.434 -6907.11
143770 -616.777 -6903.54
143708 -617.121 -6899.97
143646 -617.465 -6896.4
143584 -617.809 -6892.82
143522 -618.153 -6889.25
143461 -618.497 -6885.67
143399 -618.841 -6882.09
143337 -619.185 -6878.5
143275 -619.528 -6874.92
143213 -619.872 -6871.33
143151 -620.216 -6867.75
143089 -620.56 -6864.16
143027 -620.904 -6860.56
142965 -621.248 -6856.97
142902 -621.592 -6853.38
142840 -621.936 -6849.78
142778 -622.28 -6846.18
142716 -622.624 -6842.58
142653 -622.968 -6838.98
142591 -623.312 -6835.37
142529 -623.656 -6831.77
142466 -624 -6828.16
142404 -624.345 -6824.55
142341 -624.689 -6820.94
142279 -625.033 -6817.32
142216 -625.377 -6813.71
142154 -625.721 -6810.09
142091 -626.065 -6806.47
142029 -626.409 -6802.85
141966 -626.754 -6799.23
141903 -627.098 -6795.61
141840 -627.442 -6791.98
141778 -627.786 -6788.35
141715 -628.13 -6784.72
141652 -628.475 -6781.09
141589 -628.819 -6777.46
141526 -629.163 -6773.82
141463 -629.507 -6770.19
141400 -629.852 -6766.55
141337 -630.196 -6762.91
141274 -630.54 -6759.26
141211 -630.885 -6755.62
141148 -631.229 -6751.97
141085 -631.573 -6748.33
141022 -631.918 -6744.68
140958 -632.262 -6741.02
140895 -632.606 -6737.37
140832 -632.951 -6733.72
140769 -633.295 -6730.06
140705 -633.64 -6726.4
140642 -633.984 -6722.74
140578 -634.328 -6719.08
140515 -634.673 -6715.41
140451 -635.017 -6711.75
140388 -635.362 -6708.08
140324 -635.706 -6704.41
140261 -636.051 -6700.74
140197 -636.395 -6697.07
140133 -636.74 -6693.39
140070 -637.084 -6689.72
140006 -637.429 -6686.04
139942 -637.773 -6682.36
139878 -638.118 -6678.67
139814 -638.463 -6674.99
139751 -638.807 -6671.3
139687 -639.152 -6667.62
139623 -639.496 -6663.93
139559 -639.841 -6660.24
139495 -640.186 -6656.54
139431 -640.53 -6652.85
139367 -640.875 -6649.15
139302 -641.22 -6645.45
139238 -641.564 -6641.75
139174 -641.909 -6638.05
139110 -642.254 -6634.35
139046 -642.599 -6630.64
138981 -642.943 -6626.93
138917 -643.288 -6623.22
138853 -643.633 -6619.51
138788 -643.978 -6615.8
138724 -644.323 -6612.08
138659 -644.667 -6608.37
138595 -645.012 -6604.65
138530 -645.357 -6600.93
138466 -645.702 -6597.21
138401 -646.047 -6593.48
138336 -646.392 -6589.76
138272 -646.736 -6586.03
138207 -647.081 -6582.3
138142 -647.426 -6578.57
138078 -647.771 -6574.83
138013 -648.116 -6571.1
137948 -648.461 -6567.36
137883 -648.806 -6563.62
137818 -649.151 -6559.88
137753 -649.496 -6556.14
137688 -649.841 -6552.4
137623 -650.186 -6548.65
137558 -650.531 -6544.9
137493 -650.876 -6541.15
137428 -651.221 -6537.4
137363 -651.566 -6533.65
137298 -651.911 -6529.9
137232 -652.256 -6526.14
137167 -652.601 -6522.38
137102 -652.947 -6518.62
137036 -653.292 -6514.86
136971 -653.637 -6511.09
136906 -653.982 -6507.33
136840 -654.327 -6503.56
136775 -654.672 -6499.79
136709 -655.018 -6496.02
136644 -655.363 -6492.25
136578 -655.708 -6488.47
136513 -656.053 -6484.7
136447 -656.398 -6480.92
136381 -656.744 -6477.14
136316 -657.089 -6473.35
136250 -657.434 -6469.57
136184 -657.78 -6465.78
136118 -658.125 -6462
136052 -658.47 -6458.21
135987 -658.815 -6454.42
135921 -659.161 -6450.62
135855 -659.506 -6446.83
135789 -659.852 -6443.03
135723 -660.197 -6439.23
135657 -660.542 -6435.43
135590 -660.888 -6431.63
135524 -661.233 -6427.83
135458 -661.579 -6424.02
135392 -661.924 -6420.21
135326 -662.269 -6416.4
135260 -662.615 -6412.59
135193 -662.96 -6408.78
135127 -663.306 -6404.96
135061 -663.651 -6401.15
134994 -663.997 -6397.33
134928 -664.342 -6393.51
134861 -664.688 -6389.69
134795 -665.034 -6385.86
134728 -665.379 -6382.04
134662 -665.725 -6378.21
134595 -666.07 -6374.38
134528 -666.416 -6370.55
134462 -666.762 -6366.72
134395 -667.107 -6362.88
134328 -667.453 -6359.04
134261 -667.799 -6355.21
134195 -668.144 -6351.36
134128 -668.49 -6347.52
134061 -668.836 -6343.68
133994 -669.181 -6339.83
133927 -669.527 -6335.99
133860 -669.873 -6332.14
133793 -670.219 -6328.28
133726 -670.564 -6324.43
133659 -670.91 -6320.58
133592 -671.256 -6316.72
133525 -671.602 -6312.86
133457 -671.947 -6309
133390 -672.293 -6305.14
133323 -672.639 -6301.27
133256 -672.985 -6297.41
133188 -673.331 -6293.54
133121 -673.677 -6289.67
133054 -674.023 -6285.8
132986 -674.369 -6281.93
132919 -674.714 -6278.05
132851 -675.06 -6274.17
132784 -675.406 -6270.3
132716 -675.752 -6266.42
132648 -676.098 -6262.53
132581 -676.444 -6258.65
132513 -676.79 -6254.76
132445 -677.136 -6250.88
132378 -677.482 -6246.99
132310 -677.828 -6243.09
132242 -678.174 -6239.2
132174 -678.52 -6235.31
132106 -678.867 -6231.41
132038 -679.213 -6227.51
131970 -679.559 -6223.61
131902 -679.905 -6219.71
131834 -680.251 -6215.8
131766 -680.597 -6211.9
131698 -680.943 -6207.99
131630 -681.289 -6204.08
131562 -681.636 -6200.17
131494 -681.982 -6196.26
131425 -682.328 -6192.34
131357 -682.674 -6188.42
131289 -683.021 -6184.5
131221 -683.367 -6180.58
131152 -683.713 -6176.66
131084 -684.059 -6172.74
131015 -684.406 -6168.81
130947 -684.752 -6164.88
130878 -685.098 -6160.95
130810 -685.445 -6157.02
130741 -685.791 -6153.09
130673 -686.137 -6149.15
130604 -686.484 -6145.22
130535 -686.83 -6141.28
130467 -687.176 -6137.34
130398 -687.523 -6133.39
130329 -687.869 -6129.45
130260 -688.216 -6125.5
130191 -688.562 -6121.56
130122 -688.909 -6117.61
130054 -689.255 -6113.66
129985 -689.602 -6109.7
129916 -689.948 -6105.75
129847 -690.295 -6101.79
129777 -690.641 -6097.83
129708 -690.988 -6093.87
129639 -691.334 -6089.91
129570 -691.681 -6085.94
129501 -692.027 -6081.98
129432 -692.374 -6078.01
129362 -692.72 -6074.04
129293 -693.067 -6070.07
129224 -693.414 -6066.09
129154 -693.76 -6062.12
129085 -694.107 -6058.14
129016 -694.454 -6054.16
128946 -694.8 -6050.18
128877 -695.147 -6046.2
128807 -695.494 -6042.21
128737 -695.841 -6038.23
128668 -696.187 -6034.24
128598 -696.534 -6030.25
128528 -696.881 -6026.26
128459 -697.228 -6022.26
128389 -697.574 -6018.27
128319 -697.921 -6014.27
128249 -698.268 -6010.27
128179 -698.615 -6006.27
128110 -698.962 -6002.27
128040 -699.309 -5998.26
127970 -699.655 -5994.26
127900 -700.002 -5990.25
127830 -700.349 -5986.24
127760 -700.696 -5982.23
127689 -701.043 -5978.21
127619 -701.39 -5974.2
127549 -701.737 -5970.18
127479 -702.084 -5966.16
127409 -702.431 -5962.14
127338 -702.778 -5958.12
127268 -703.125 -5954.09
127198 -703.472 -5950.07
127127 -703.819 -5946.04
127057 -704.166 -5942.01
126987 -704.513 -5937.98
126916 -704.86 -5933.94
126845 -705.207 -5929.91
126775 -705.554 -5925.87
126704 -705.901 -5921.83
126634 -706.249 -5917.79
126563 -706.596 -5913.75
126492 -706.943 -5909.7
126422 -707.29 -5905.65
126351 -707.637 -5901.61
126280 -707.984 -5897.56
126209 -708.332 -5893.5
126138 -708.679 -5889.45
126067 -709.026 -5885.39
125997 -709.373 -5881.34
125926 -709.721 -5877.28
125855 -710.068 -5873.22
125784 -710.415 -5869.15
125712 -710.762 -5865.09
125641 -711.11 -5861.02
125570 -711.457 -5856.95
125499 -711.804 -5852.88
125428 -712.152 -5848.81
125357 -712.499 -5844.74
125285 -712.847 -5840.66
125214 -713.194 -5836.58
125143 -713.541 -5832.5
125071 -713.889 -5828.42
125000 -714.236 -5824.34
124928 -714.584 -5820.25
124857 -714.931 -5816.17
124785 -715.279 -5812.08
124714 -715.626 -5807.99
124642 -715.974 -5803.89
124571 -716.321 -5799.8
124499 -716.669 -5795.7
124427 -717.016 -5791.61
124355 -717.364 -5787.51
124284 -717.711 -5783.4
124212 -718.059 -5779.3
124140 -718.407 -5775.2
124068 -718.754 -5771.09
123996 -719.102 -5766.98
123924 -719.449 -5762.87
123852 -719.797 -5758.76
123780 -720.145 -5754.64
123708 -720.492 -5750.53
123636 -720.84 -5746.41
123564 -721.188 -5742.29
123492 -721.536 -5738.17
123420 -721.883 -5734.04
123347 -722.231 -5729.92
123275 -722.579 -5725.79
123203 -722.927 -5721.66
123131 -723.274 -5717.53
123058 -723.622 -5713.4
122986 -723.97 -5709.26
122913 -724.318 -5705.13
122841 -724.666 -5700.99
122768 -725.014 -5696.85
122696 -725.361 -5692.71
122623 -725.709 -5688.56
122551 -726.057 -5684.42
122478 -726.405 -5680.27
122405 -726.753 -5676.12
122333 -727.101 -5671.97
122260 -727.449 -5667.82
122187 -727.797 -5663.66
122114 -728.145 -5659.51
122041 -728.493 -5655.35
121969 -728.841 -5651.19
121896 -729.189 -5647.03
121823 -729.537 -5642.86
121750 -729.885 -5638.7
121677 -730.233 -5634.53
121604 -730.581 -5630.36
121531 -730.929 -5626.19
121457 -731.277 -5622.02
121384 -731.625 -5617.84
121311 -731.974 -5613.66
121238 -732.322 -5609.49
121165 -732.67 -5605.3
121091 -733.018 -5601.12
121018 -733.366 -5596.94
120945 -733.714 -5592.75
120871 -734.063 -5588.57
120798 -734.411 -5584.38
120724 -734.759 -5580.18
120651 -735.107 -5575.99
120577 -735.456 -5571.8
120504 -735.804 -5567.6
120430 -736.152 -5563.4
120356 -736.501 -5559.2
120283 -736.849 -5555
120209 -737.197 -5550.79
120135 -737.546 -5546.59
120061 -737.894 -5542.38
119988 -738.242 -5538.17
119914 -738.591 -5533.96
119840 -738.939 -5529.74
119766 -739.288 -5525.53
119692 -739.636 -5521.31
119618 -739.984 -5517.09
119544 -740.333 -5512.87
119470 -740.681 -5508.65
119396 -741.03 -5504.43
119322 -741.378 -5500.2
119247 -741.727 -5495.97
119173 -742.075 -5491.74
119099 -742.424 -5487.51
119025 -742.772 -5483.28
118950 -743.121 -5479.04
118876 -743.47 -5474.8
118802 -743.818 -5470.56
118727 -744.167 -5466.32
118653 -744.515 -5462.08
118578 -744.864 -5457.84
118504 -745.213 -5453.59
118429 -745.561 -5449.34
118355 -745.91 -5445.09
118280 -746.259 -5440.84
118205 -746.607 -5436.58
118131 -746.956 -5432.33
118056 -747.305 -5428.07
117981 -747.654 -5423.81
117906 -748.002 -5419.55
117831 -748.351 -5415.29
117757 -748.7 -5411.02
117682 -749.049 -5406.76
117607 -749.398 -5402.49
117532 -749.746 -5398.22
117457 -750.095 -5393.95
117382 -750.444 -5389.67
117307 -750.793 -5385.4
117232 -751.142 -5381.12
117156 -751.491 -5376.84
117081 -751.84 -5372.56
117006 -752.189 -5368.27
116931 -752.538 -5363.99
116855 -752.886 -5359.7
116780 -753.235 -5355.41
116705 -753.584 -5351.12
116629 -753.933 -5346.83
116554 -754.282 -5342.54
116478 -754.631 -5338.24
116403 -754.98 -5333.94
116327 -755.33 -5329.64
116252 -755.679 -5325.34
116176 -756.028 -5321.04
116101 -756.377 -5316.73
116025 -756.726 -5312.42
115949 -757.075 -5308.12
115874 -757.424 -5303.81
115798 -757.773 -5299.49
115722 -758.122 -5295.18
115646 -758.472 -5290.86
115570 -758.821 -5286.54
115494 -759.17 -5282.22
115418 -759.519 -5277.9
115342 -759.868 -5273.58
115266 -760.218 -5269.25
115190 -760.567 -5264.92
115114 -760.916 -5260.6
115038 -761.265 -5256.26
114962 -761.615 -5251.93
114886 -761.964 -5247.6
114809 -762.313 -5243.26
114733 -762.663 -5238.92
114657 -763.012 -5234.58
114581 -763.361 -5230.24
114504 -763.711 -5225.9
114428 -764.06 -5221.55
114351 -764.409 -5217.2
114275 -764.759 -5212.85
114198 -765.108 -5208.5
114122 -765.458 -5204.15
114045 -765.807 -5199.79
113969 -766.157 -5195.44
113892 -766.506 -5191.08
113815 -766.856 -5186.72
113739 -767.205 -5182.36
113662 -767.555 -5177.99
113585 -767.904 -5173.62
113508 -768.254 -5169.26
113431 -768.603 -5164.89
113354 -768.953 -5160.52
113278 -769.302 -5156.14
113201 -769.652 -5151.77
113124 -770.002 -5147.39
113047 -770.351 -5143.01
112969 -770.701 -5138.63
112892 -771.05 -5134.25
112815 -771.4 -5129.86
112738 -771.75 -5125.48
112661 -772.1 -5121.09
112584 -772.449 -5116.7
112506 -772.799 -5112.31
112429 -773.149 -5107.91
112352 -773.498 -5103.52
112274 -773.848 -5099.12
112197 -774.198 -5094.72
112119 -774.548 -5090.32
112042 -774.897 -5085.92
111964 -775.247 -5081.51
111887 -775.597 -5077.11
111809 -775.947 -5072.7
111732 -776.297 -5068.29
111654 -776.647 -5063.88
111576 -776.997 -5059.46
111498 -777.346 -5055.05
111421 -777.696 -5050.63
111343 -778.046 -5046.21
111265 -778.396 -5041.79
111187 -778.746 -5037.36
111109 -779.096 -5032.94
111031 -779.446 -5028.51
110953 -779.796 -5024.08
110875 -780.146 -5019.65
110797 -780.496 -5015.22
110719 -780.846 -5010.79
110641 -781.196 -5006.35
110563 -781.546 -5001.91
110485 -781.896 -4997.47
110407 -782.246 -4993.03
110328 -782.596 -4988.59
110250 -782.946 -4984.14
110172 -783.296 -4979.7
110093 -783.647 -4975.25
110015 -783.997 -4970.8
109936 -784.347 -4966.34
109858 -784.697 -4961.89
109779 -785.047 -4957.43
109701 -785.397 -4952.97
109622 -785.747 -4948.51
109544 -786.098 -4944.05
109465 -786.448 -4939.59
109386 -786.798 -4935.12
109308 -787.148 -4930.66
109229 -787.499 -4926.19
109150 -787.849 -4921.72
109071 -788.199 -4917.24
108992 -788.549 -4912.77
108914 -788.9 -4908.29
108835 -789.25 -4903.81
108756 -789.6 -4899.33
108677 -789.951 -4894.85
108598 -790.301 -4890.37
108519 -790.651 -4885.88
108440 -791.002 -4881.39
108360 -791.352 -4876.9
108281 -791.703 -4872.41
108202 -792.053 -4867.92
108123 -792.404 -4863.42
108043 -792.754 -4858.93
107964 -793.104 -4854.43
107885 -793.455 -4849.93
107805 -793.805 -4845.42
107726 -794.156 -4840.92
107647 -794.506 -4836.41
107567 -794.857 -4831.91
107488 -795.207 -4827.4
107408 -795.558 -4822.88
107328 -795.908 -4818.37
107249 -796.259 -4813.86
107169 -796.61 -4809.34
107089 -796.96 -4804.82
107010 -797.311 -4800.3
106930 -797.661 -4795.78
106850 -798.012 -4791.25
106770 -798.363 -4786.72
106690 -798.713 -4782.2
106611 -799.064 -4777.67
106531 -799.415 -4773.13
106451 -799.765 -4768.6
106371 -800.116 -4764.07
106291 -800.467 -4759.53
106210 -800.817 -4754.99
106130 -801.168 -4750.45
106050 -801.519 -4745.9
105970 -801.87 -4741.36
105890 -802.22 -4736.81
105810 -802.571 -4732.26
105729 -802.922 -4727.71
105649 -803.273 -4723.16
105569 -803.624 -4718.61
105488 -803.974 -4714.05
105408 -804.325 -4709.49
105327 -804.676 -4704.93
105247 -805.027 -4700.37
105166 -805.378 -4695.81
105086 -805.729 -4691.24
105005 -806.08 -4686.68
104924 -806.43 -4682.11
104844 -806.781 -4677.54
104763 -807.132 -4672.96
104682 -807.483 -4668.39
104601 -807.834 -4663.81
104521 -808.185 -4659.24
104440 -808.536 -4654.66
104359 -808.887 -4650.07
104278 -809.238 -4645.49
104197 -809.589 -4640.9
104116 -809.94 -4636.32
104035 -810.291 -4631.73
103954 -810.642 -4627.14
103873 -810.993 -4622.54
103792 -811.344 -4617.95
103711 -811.695 -4613.35
103629 -812.046 -4608.75
103548 -812.397 -4604.15
103467 -812.748 -4599.55
103386 -813.1 -4594.95
103304 -813.451 -4590.34
103223 -813.802 -4585.73
103141 -814.153 -4581.12
103060 -814.504 -4576.51
102978 -814.855 -4571.9
102897 -815.206 -4567.28
102815 -815.558 -4562.67
102734 -815.909 -4558.05
102652 -816.26 -4553.43
102570 -816.611 -4548.81
102489 -816.962 -4544.18
102407 -817.314 -4539.56
102325 -817.665 -4534.93
102243 -818.016 -4530.3
102162 -818.367 -4525.67
102080 -818.719 -4521.03
101998 -819.07 -4516.4
101916 -819.421 -4511.76
101834 -819.772 -4507.12
101752 -820.124 -4502.48
101670 -820.475 -4497.84
101588 -820.826 -4493.19
101506 -821.178 -4488.55
101424 -821.529 -4483.9
101341 -821.88 -4479.25
101259 -822.232 -4474.6
101177 -822.583 -4469.94
101095 -822.934 -4465.29
101012 -823.286 -4460.63
100930 -823.637 -4455.97
100847 -823.989 -4451.31
100765 -824.34 -4446.64
100683 -824.691 -4441.98
100600 -825.043 -4437.31
100518 -825.394 -4432.64
100435 -825.746 -4427.97
100352 -826.097 -4423.3
100270 -826.449 -4418.63
100187 -826.8 -4413.95
100104 -827.152 -4409.27
100022 -827.503 -4404.59
99938.8 -827.854 -4399.91
99856 -828.206 -4395.23
99773.1 -828.558 -4390.54
99690.2 -828.909 -4385.86
99607.3 -829.261 -4381.17
99524.3 -829.612 -4376.48
99441.3 -829.964 -4371.78
99358.3 -830.315 -4367.09
99275.2 -830.667 -4362.39
99192.1 -831.018 -4357.69
99109 -831.37 -4352.99
99025.8 -831.721 -4348.29
98942.6 -832.073 -4343.59
98859.4 -832.425 -4338.88
98776.1 -832.776 -4334.18
98692.8 -833.128 -4329.47
98609.4 -833.479 -4324.76
98526 -833.831 -4320.04
98442.6 -834.183 -4315.33
98359.2 -834.534 -4310.61
98275.7 -834.886 -4305.89
98192.2 -835.238 -4301.17
98108.6 -835.589 -4296.45
98025 -835.941 -4291.73
97941.4 -836.292 -4287
97857.7 -836.644 -4282.27
97774 -836.996 -4277.54
97690.3 -837.348 -4272.81
97606.5 -837.699 -4268.08
97522.7 -838.051 -4263.34
97438.9 -838.403 -4258.61
97355 -838.754 -4253.87
97271.1 -839.106 -4249.13
97187.1 -839.458 -4244.38
97103.1 -839.809 -4239.64
97019.1 -840.161 -4234.89
96935.1 -840.513 -4230.15
96851 -840.865 -4225.4
96766.9 -841.216 -4220.64
96682.7 -841.568 -4215.89
96598.5 -841.92 -4211.14
96514.3 -842.272 -4206.38
96430 -842.623 -4201.62
96345.7 -842.975 -4196.86
96261.4 -843.327 -4192.1
96177 -843.679 -4187.33
96092.6 -844.03 -4182.56
96008.2 -844.382 -4177.8
95923.7 -844.734 -4173.03
95839.2 -845.086 -4168.25
95754.7 -845.438 -4163.48
95670.1 -845.789 -4158.7
95585.5 -846.141 -4153.93
95500.8 -846.493 -4149.15
95416.1 -846.845 -4144.37
95331.4 -847.197 -4139.58
95246.7 -847.548 -4134.8
95161.9 -847.9 -4130.01
95077.1 -848.252 -4125.22
94992.2 -848.604 -4120.43
94907.3 -848.956 -4115.64
94822.4 -849.308 -4110.85
94737.4 -849.659 -4106.05
94652.4 -850.011 -4101.25
94567.4 -850.363 -4096.45
94482.3 -850.715 -4091.65
94397.2 -851.067 -4086.85
94312 -851.418 -4082.04
94226.9 -851.77 -4077.24
94141.7 -852.122 -4072.43
94056.4 -852.474 -4067.62
93971.1 -852.826 -4062.8
93885.8 -853.178 -4057.99
93800.5 -853.53 -4053.17
93715.1 -853.881 -4048.36
93629.6 -854.233 -4043.54
93544.2 -854.585 -4038.71
93458.7 -854.937 -4033.89
93373.2 -855.289 -4029.07
93287.6 -855.641 -4024.24
93202 -855.992 -4019.41
93116.4 -856.344 -4014.58
93030.7 -856.696 -4009.75
92945 -857.048 -4004.91
92859.2 -857.4 -4000.07
92773.5 -857.752 -3995.24
92687.7 -858.103 -3990.4
92601.8 -858.455 -3985.55
92515.9 -858.807 -3980.71
92430 -859.159 -3975.86
92344.1 -859.511 -3971.02
92258.1 -859.863 -3966.17
92172.1 -860.214 -3961.32
92086 -860.566 -3956.46
91999.9 -860.918 -3951.61
91913.8 -861.27 -3946.75
91827.6 -861.622 -3941.89
91741.4 -861.974 -3937.03
91655.2 -862.325 -3932.17
91568.9 -862.677 -3927.31
91482.6 -863.029 -3922.44
91396.3 -863.381 -3917.57
91309.9 -863.733 -3912.7
91223.5 -864.084 -3907.83
91137.1 -864.436 -3902.96
91050.6 -864.788 -3898.08
90964.1 -865.14 -3893.21
90877.5 -865.492 -3888.33
90790.9 -865.843 -3883.45
90704.3 -866.195 -3878.57
90617.7 -866.547 -3873.68
90531 -866.899 -3868.8
90444.2 -867.25 -3863.91
90357.5 -867.602 -3859.02
90270.7 -867.954 -3854.13
90183.9 -868.306 -3849.23
90097 -868.657 -3844.34
90010.1 -869.009 -3839.44
89923.2 -869.361 -3834.54
89836.2 -869.712 -3829.64
89749.2 -870.064 -3824.74
89662.1 -870.416 -3819.83
89575.1 -870.768 -3814.93
89487.9 -871.119 -3810.02
89400.8 -871.471 -3805.11
89313.6 -871.823 -3800.2
89226.4 -872.174 -3795.28
89139.1 -872.526 -3790.37
89051.9 -872.877 -3785.45
88964.5 -873.229 -3780.53
88877.2 -873.581 -3775.61
88789.8 -873.932 -3770.69
88702.4 -874.284 -3765.77
88614.9 -874.635 -3760.84
88527.4 -874.987 -3755.91
88439.9 -875.339 -3750.98
88352.3 -875.69 -3746.05
88264.7 -876.042 -3741.12
88177 -876.393 -3736.18
88089.4 -876.745 -3731.24
88001.7 -877.096 -3726.3
87913.9 -877.448 -3721.36
87826.1 -877.799 -3716.42
87738.3 -878.151 -3711.48
87650.5 -878.502 -3706.53
87562.6 -878.853 -3701.58
87474.7 -879.205 -3696.63
87386.7 -879.556 -3691.68
87298.7 -879.908 -3686.72
87210.7 -880.259 -3681.77
87122.6 -880.61 -3676.81
87034.5 -880.962 -3671.85
86946.4 -881.313 -3666.89
86858.2 -881.664 -3661.93
86770 -882.016 -3656.96
86681.8 -882.367 -3652
86593.5 -882.718 -3647.03
86505.2 -883.07 -3642.06
86416.9 -883.421 -3637.09
86328.5 -883.772 -3632.11
86240.1 -884.123 -3627.14
86151.6 -884.474 -3622.16
86063.2 -884.825 -3617.18
85974.6 -885.177 -3612.2
85886.1 -885.528 -3607.22
85797.5 -885.879 -3602.23
85708.9 -886.23 -3597.25
85620.2 -886.581 -3592.26
85531.5 -886.932 -3587.27
85442.8 -887.283 -3582.28
85354 -887.634 -3577.28
85265.2 -887.985 -3572.29
85176.4 -888.336 -3567.29
85087.5 -888.687 -3562.29
84998.6 -889.038 -3557.29
84909.7 -889.389 -3552.29
84820.7 -889.739 -3547.28
84731.7 -890.09 -3542.28
84642.7 -890.441 -3537.27
84553.6 -890.792 -3532.26
84464.5 -891.143 -3527.25
84375.3 -891.493 -3522.23
84286.1 -891.844 -3517.22
84196.9 -892.195 -3512.2
84107.7 -892.545 -3507.18
84018.4 -892.896 -3502.16
83929.1 -893.247 -3497.14
83839.7 -893.597 -3492.11
83750.3 -893.948 -3487.09
83660.9 -894.298 -3482.06
83571.4 -894.649 -3477.03
83481.9 -894.999 -3472
83392.4 -895.35 -3466.96
83302.8 -895.7 -3461.93
83213.2 -896.05 -3456.89
83123.6 -896.401 -3451.85
83033.9 -896.751 -3446.81
82944.2 -897.101 -3441.77
82854.4 -897.451 -3436.72
82764.6 -897.802 -3431.68
82674.8 -898.152 -3426.63
82585 -898.502 -3421.58
82495.1 -898.852 -3416.53
82405.2 -899.202 -3411.47
82315.2 -899.552 -3406.42
82225.2 -899.902 -3401.36
82135.2 -900.252 -3396.3
82045.1 -900.602 -3391.24
81955 -900.952 -3386.18
81864.9 -901.302 -3381.12
81774.8 -901.651 -3376.05
81684.6 -902.001 -3370.98
81594.3 -902.351 -3365.91
81504 -902.701 -3360.84
81413.7 -903.05 -3355.77
81323.4 -903.4 -3350.7
81233 -903.749 -3345.62
81142.6 -904.099 -3340.54
81052.2 -904.448 -3335.46
80961.7 -904.798 -3330.38
80871.2 -905.147 -3325.29
80780.6 -905.496 -3320.21
80690 -905.846 -3315.12
80599.4 -906.195 -3310.03
80508.8 -906.544 -3304.94
80418.1 -906.893 -3299.85
80327.4 -907.242 -3294.75
80236.6 -907.591 -3289.66
80145.8 -907.94 -3284.56
80055 -908.289 -3279.46
79964.1 -908.638 -3274.36
79873.2 -908.987 -3269.26
79782.3 -909.336 -3264.15
79691.3 -909.685 -3259.04
79600.3 -910.033 -3253.94
79509.3 -910.382 -3248.83
79418.2 -910.731 -3243.71
79327.1 -911.079 -3238.6
79235.9 -911.428 -3233.48
79144.8 -911.776 -3228.37
79053.6 -912.124 -3223.25
78962.3 -912.473 -3218.13
78871 -912.821 -3213
78779.7 -913.169 -3207.88
78688.4 -913.517 -3202.75
78597 -913.865 -3197.62
78505.5 -914.213 -3192.49
78414.1 -914.561 -3187.36
78322.6 -914.909 -3182.23
78231.1 -915.257 -3177.1
78139.5 -915.605 -3171.96
78047.9 -915.952 -3166.82
77956.3 -916.3 -3161.68
77864.6 -916.647 -3156.54
77772.9 -916.995 -3151.39
77681.2 -917.342 -3146.25
77589.4 -917.69 -3141.1
77497.6 -918.037 -3135.95
77405.8 -918.384 -3130.8
77313.9 -918.731 -3125.65
77222 -919.078 -3120.49
77130.1 -919.425 -3115.34
77038.1 -919.772 -3110.18
76946.1 -920.119 -3105.02
76854 -920.466 -3099.86
76761.9 -920.812 -3094.7
76669.8 -921.159 -3089.53
76577.7 -921.505 -3084.37
76485.5 -921.852 -3079.2
76393.3 -922.198 -3074.03
76301 -922.544 -3068.86
76208.7 -922.891 -3063.68
76116.4 -923.237 -3058.51
76024 -923.583 -3053.33
75931.7 -923.929 -3048.15
75839.2 -924.275 -3042.97
75746.8 -924.62 -3037.79
75654.3 -924.966 -3032.61
75561.7 -925.312 -3027.42
75469.2 -925.657 -3022.23
75376.6 -926.002 -3017.05
75283.9 -926.348 -3011.85
75191.3 -926.693 -3006.66
75098.6 -927.038 -3001.47
75005.8 -927.383 -2996.27
74913 -927.728 -2991.08
74820.2 -928.073 -2985.88
74727.4 -928.418 -2980.68
74634.5 -928.762 -2975.47
74541.6 -929.107 -2970.27
74448.7 -929.451 -2965.06
74355.7 -929.795 -2959.86
74262.7 -930.14 -2954.65
74169.6 -930.484 -2949.44
74076.5 -930.828 -2944.22
73983.4 -931.172 -2939.01
73890.3 -931.515 -2933.79
73797.1 -931.859 -2928.57
73703.9 -932.203 -2923.36
73610.6 -932.546 -2918.13
73517.3 -932.889 -2912.91
73424 -933.233 -2907.69
73330.6 -933.576 -2902.46
73237.3 -933.919 -2897.23
73143.8 -934.262 -2892
73050.4 -934.604 -2886.77
72956.9 -934.947 -2881.54
72863.3 -935.289 -2876.3
72769.8 -935.632 -2871.07
72676.2 -935.974 -2865.83
72582.5 -936.316 -2860.59
72488.9 -936.658 -2855.35
72395.2 -937 -2850.11
72301.4 -937.342 -2844.86
72207.7 -937.683 -2839.62
72113.9 -938.025 -2834.37
72020 -938.366 -2829.12
71926.2 -938.707 -2823.87
71832.3 -939.048 -2818.62
71738.3 -939.389 -2813.36
71644.4 -939.73 -2808.11
71550.3 -940.07 -2802.85
71456.3 -940.411 -2797.59
71362.2 -940.751 -2792.33
71268.1 -941.091 -2787.07
71174 -941.431 -2781.8
71079.8 -941.771 -2776.54
70985.6 -942.111 -2771.27
70891.3 -942.45 -2766
70797.1 -942.79 -2760.73
70702.8 -943.129 -2755.46
70608.4 -943.468 -2750.18
70514 -943.807 -2744.91
70419.6 -944.146 -2739.63
70325.2 -944.484 -2734.35
70230.7 -944.823 -2729.07
70136.2 -945.161 -2723.79
70041.6 -945.499 -2718.51
69947 -945.837 -2713.22
69852.4 -946.175 -2707.93
69757.8 -946.512 -2702.65
69663.1 -946.85 -2697.36
69568.4 -947.187 -2692.06
69473.6 -947.524 -2686.77
69378.8 -947.861 -2681.48
69284 -948.197 -2676.18
69189.1 -948.534 -2670.88
69094.3 -948.87 -2665.58
68999.3 -949.206 -2660.28
68904.4 -949.542 -2654.98
68809.4 -949.878 -2649.68
68714.4 -950.213 -2644.37
68619.3 -950.548 -2639.06
68524.2 -950.883 -2633.76
68429.1 -951.218 -2628.45
68334 -951.553 -2623.13
68238.8 -951.887 -2617.82
68143.5 -952.222 -2612.51
68048.3 -952.556 -2607.19
67953 -952.889 -2601.87
67857.7 -953.223 -2596.55
67762.3 -953.556 -2591.23
67666.9 -953.889 -2585.91
67571.5 -954.222 -2580.58
67476.1 -954.555 -2575.26
67380.6 -954.888 -2569.93
67285 -955.22 -2564.6
67189.5 -955.552 -2559.27
67093.9 -955.883 -2553.94
66998.3 -956.215 -2548.61
66902.6 -956.546 -2543.27
66806.9 -956.877 -2537.94
66711.2 -957.208 -2532.6
66615.5 -957.539 -2527.26
66519.7 -957.869 -2521.92
66423.9 -958.199 -2516.58
66328 -958.529 -2511.24
66232.1 -958.858 -2505.89
66136.2 -959.187 -2500.55
66040.2 -959.516 -2495.2
65944.3 -959.845 -2489.85
65848.2 -960.174 -2484.5
65752.2 -960.502 -2479.15
65656.1 -960.83 -2473.79
65560 -961.157 -2468.44
65463.8 -961.485 -2463.08
65367.7 -961.812 -2457.72
65271.5 -962.138 -2452.36
65175.2 -962.465 -2447
65078.9 -962.791 -2441.64
64982.6 -963.117 -2436.28
64886.3 -963.442 -2430.91
64789.9 -963.768 -2425.55
64693.5 -964.093 -2420.18
64597 -964.417 -2414.81
64500.6 -964.742 -2409.44
64404.1 -965.066 -2404.07
64307.5 -965.389 -2398.7
64211 -965.713 -2393.32
64114.3 -966.036 -2387.95
64017.7 -966.358 -2382.57
63921 -966.681 -2377.19
63824.3 -967.003 -2371.81
63727.6 -967.325 -2366.43
63630.8 -967.646 -2361.05
63534.1 -967.967 -2355.66
63437.2 -968.288 -2350.28
63340.4 -968.608 -2344.89
63243.5 -968.928 -2339.5
63146.5 -969.247 -2334.11
63049.6 -969.567 -2328.72
62952.6 -969.885 -2323.33
62855.6 -970.204 -2317.94
62758.5 -970.522 -2312.54
62661.4 -970.84 -2307.15
62564.3 -971.157 -2301.75
62467.2 -971.474 -2296.35
62370 -971.791 -2290.95
62272.8 -972.107 -2285.55
62175.5 -972.422 -2280.15
62078.3 -972.738 -2274.75
61981 -973.053 -2269.34
61883.6 -973.367 -2263.94
61786.3 -973.681 -2258.53
61688.9 -973.995 -2253.12
61591.4 -974.308 -2247.71
61494 -974.621 -2242.3
61396.5 -974.934 -2236.89
61299 -975.246 -2231.48
61201.4 -975.557 -2226.06
61103.8 -975.868 -2220.65
61006.2 -976.179 -2215.23
60908.5 -976.489 -2209.81
60810.9 -976.799 -2204.39
60713.2 -977.108 -2198.97
60615.4 -977.417 -2193.55
60517.6 -977.725 -2188.13
60419.8 -978.033 -2182.71
60322 -978.34 -2177.28
60224.1 -978.647 -2171.86
60126.2 -978.953 -2166.43
60028.3 -979.259 -2161
59930.4 -979.564 -2155.57
59832.4 -979.869 -2150.14
59734.4 -980.173 -2144.71
59636.3 -980.477 -2139.28
59538.2 -980.78 -2133.85
59440.1 -981.083 -2128.41
59342 -981.385 -2122.98
59243.8 -981.687 -2117.54
59145.6 -981.988 -2112.1
59047.4 -982.289 -2106.67
58949.1 -982.589 -2101.23
58850.8 -982.888 -2095.79
58752.5 -983.187 -2090.35
58654.2 -983.485 -2084.9
58555.8 -983.783 -2079.46
58457.4 -984.08 -2074.02
58358.9 -984.376 -2068.57
58260.5 -984.672 -2063.12
58162 -984.968 -2057.68
58063.5 -985.262 -2052.23
57964.9 -985.556 -2046.78
57866.3 -985.85 -2041.33
57767.7 -986.143 -2035.88
57669.1 -986.435 -2030.43
57570.4 -986.726 -2024.97
57471.7 -987.017 -2019.52
57373 -987.307 -2014.07
57274.2 -987.597 -2008.61
57175.4 -987.886 -2003.16
57076.6 -988.174 -1997.7
56977.7 -988.462 -1992.24
56878.9 -988.749 -1986.78
56780 -989.035 -1981.32
56681 -989.32 -1975.86
56582.1 -989.605 -1970.4
56483.1 -989.889 -1964.94
56384.1 -990.172 -1959.48
56285 -990.455 -1954.02
56185.9 -990.737 -1948.55
56086.8 -991.018 -1943.09
55987.7 -991.298 -1937.62
55888.6 -991.577 -1932.16
55789.4 -991.856 -1926.69
55690.2 -992.134 -1921.22
55590.9 -992.412 -1915.75
55491.6 -992.688 -1910.29
55392.4 -992.964 -1904.82
55293 -993.238 -1899.35
55193.7 -993.512 -1893.88
55094.3 -993.786 -1888.4
54994.9 -994.058 -1882.93
54895.5 -994.329 -1877.46
54796 -994.6 -1871.99
54696.5 -994.87 -1866.51
54597 -995.139 -1861.04
54497.5 -995.407 -1855.57
54397.9 -995.674 -1850.09
54298.3 -995.94 -1844.62
54198.7 -996.206 -1839.14
54099 -996.47 -1833.66
53999.4 -996.734 -1828.19
53899.7 -996.996 -1822.71
53799.9 -997.258 -1817.23
53700.2 -997.519 -1811.75
53600.4 -997.779 -1806.27
53500.6 -998.037 -1800.79
53400.8 -998.295 -1795.32
53300.9 -998.552 -1789.84
53201 -998.808 -1784.36
53101.1 -999.063 -1778.87
53001.2 -999.317 -1773.39
52901.2 -999.569 -1767.91
52801.3 -999.821 -1762.43
52701.2 -1000.07 -1756.95
52601.2 -1000.32 -1751.47
52501.2 -1000.57 -1745.99
52401.1 -1000.82 -1740.5
52301 -1001.06 -1735.02
52200.8 -1001.31 -1729.54
52100.7 -1001.55 -1724.06
52000.5 -1001.8 -1718.57
51900.3 -1002.04 -1713.09
51800.1 -1002.28 -1707.61
51699.8 -1002.52 -1702.12
51599.5 -1002.76 -1696.64
51499.2 -1003 -1691.16
51398.9 -1003.23 -1685.67
51298.6 -1003.47 -1680.19
51198.2 -1003.7 -1674.71
51097.8 -1003.93 -1669.22
50997.4 -1004.16 -1663.74
50897 -1004.39 -1658.26
50796.5 -1004.62 -1652.77
50696 -1004.85 -1647.29
50595.5 -1005.08 -1641.8
50495 -1005.3 -1636.32
50394.4 -1005.53 -1630.84
50293.8 -1005.75 -1625.36
50193.2 -1005.97 -1619.87
50092.6 -1006.19 -1614.39
49992 -1006.41 -1608.91
49891.3 -1006.62 -1603.43
49790.6 -1006.84 -1597.94
49689.9 -1007.05 -1592.46
49589.2 -1007.27 -1586.98
49488.5 -1007.48 -1581.5
49387.7 -1007.69 -1576.02
49286.9 -1007.9 -1570.54
49186.1 -1008.1 -1565.06
49085.3 -1008.31 -1559.58
48984.4 -1008.51 -1554.1
48883.5 -1008.71 -1548.62
48782.6 -1008.92 -1543.15
48681.7 -1009.11 -1537.67
48580.8 -1009.31 -1532.19
48479.9 -1009.51 -1526.71
48378.9 -1009.7 -1521.24
48277.9 -1009.9 -1515.76
48176.9 -1010.09 -1510.29
48075.9 -1010.28 -1504.81
47974.8 -1010.47 -1499.34
47873.7 -1010.65 -1493.87
47772.7 -1010.84 -1488.4
47671.6 -1011.02 -1482.93
47570.4 -1011.2 -1477.45
47469.3 -1011.38 -1471.98
47368.1 -1011.56 -1466.52
47267 -1011.74 -1461.05
47165.8 -1011.91 -1455.58
47064.6 -1012.08 -1450.11
46963.3 -1012.25 -1444.65
46862.1 -1012.42 -1439.18
46760.8 -1012.59 -1433.72
46659.6 -1012.76 -1428.26
46558.3 -1012.92 -1422.8
46457 -1013.08 -1417.34
46355.6 -1013.24 -1411.88
46254.3 -1013.4 -1406.42
46152.9 -1013.55 -1400.96
46051.6 -1013.71 -1395.51
45950.2 -1013.86 -1390.05
45848.8 -1014.01 -1384.6
45747.4 -1014.16 -1379.15
45645.9 -1014.3 -1373.69
45544.5 -1014.45 -1368.24
45443 -1014.59 -1362.8
45341.6 -1014.73 -1357.35
45240.1 -1014.86 -1351.9
45138.6 -1015 -1346.46
45037.1 -1015.13 -1341.02
44935.5 -1015.26 -1335.58
44834 -1015.39 -1330.14
44732.5 -1015.52 -1324.7
44630.9 -1015.64 -1319.26
44529.3 -1015.76 -1313.83
44427.7 -1015.88 -1308.39
44326.1 -1016 -1302.96
44224.5 -1016.12 -1297.53
44122.9 -1016.23 -1292.1
44021.3 -1016.34 -1286.68
43919.6 -1016.45 -1281.25
43818 -1016.55 -1275.83
43716.3 -1016.66 -1270.41
43614.6 -1016.76 -1264.99
43512.9 -1016.85 -1259.58
43411.2 -1016.95 -1254.16
43309.5 -1017.04 -1248.75
43207.8 -1017.13 -1243.34
43106.1 -1017.22 -1237.93
43004.4 -1017.31 -1232.52
42902.6 -1017.39 -1227.12
42800.9 -1017.47 -1221.72
42699.1 -1017.55 -1216.32
42597.4 -1017.62 -1210.92
42495.6 -1017.69 -1205.52
42393.8 -1017.76 -1200.13
42292 -1017.83 -1194.74
42190.2 -1017.89 -1189.35
42088.4 -1017.95 -1183.97
41986.6 -1018.01 -1178.59
41884.8 -1018.07 -1173.21
41783 -1018.12 -1167.83
41681.2 -1018.17 -1162.45
41579.4 -1018.22 -1157.08
41477.6 -1018.26 -1151.71
41375.7 -1018.3 -1146.35
41273.9 -1018.34 -1140.98
41172.1 -1018.37 -1135.62
41070.2 -1018.4 -1130.26
40968.4 -1018.43 -1124.91
40866.5 -1018.46 -1119.56
40764.7 -1018.48 -1114.21
40662.8 -1018.5 -1108.86
40561 -1018.51 -1103.52
40459.1 -1018.52 -1098.18
40357.3 -1018.53 -1092.84
40255.4 -1018.54 -1087.51
40153.6 -1018.54 -1082.18
40051.7 -1018.54 -1076.85
39949.9 -1018.54 -1071.53
39848 -1018.53 -1066.21
39746.2 -1018.52 -1060.89
39644.3 -1018.5 -1055.58
39542.5 -1018.48 -1050.27
39440.6 -1018.46 -1044.97
39338.8 -1018.44 -1039.66
39236.9 -1018.41 -1034.37
39135.1 -1018.38 -1029.07
39033.3 -1018.34 -1023.78
38931.4 -1018.3 -1018.5
38829.6 -1018.26 -1013.21
38727.8 -1018.21 -1007.94
38626 -1018.16 -1002.66
38524.2 -1018.1 -997.391
38422.3 -1018.04 -992.125
38320.6 -1017.98 -986.863
38218.8 -1017.92 -981.605
38117 -1017.84 -976.352
38015.2 -1017.77 -971.103
37913.4 -1017.69 -965.858
37811.7 -1017.61 -960.618
37709.9 -1017.52 -955.383
37608.2 -1017.43 -950.152
37506.4 -1017.34 -944.925
37404.7 -1017.24 -939.704
37303 -1017.14 -934.487
37201.3 -1017.03 -929.275
37099.6 -1016.92 -924.067
36997.9 -1016.8 -918.865
36896.3 -1016.68 -913.668
36794.6 -1016.55 -908.475
36693 -1016.43 -903.288
36591.3 -1016.29 -898.106
36489.7 -1016.15 -892.929
36388.1 -1016.01 -887.757
36286.5 -1015.86 -882.591
36185 -1015.71 -877.43
36083.4 -1015.56 -872.275
35981.9 -1015.4 -867.125
35880.3 -1015.23 -861.98
35778.8 -1015.06 -856.842
35677.3 -1014.88 -851.709
35575.9 -1014.7 -846.581
35474.4 -1014.52 -841.46
35373 -1014.33 -836.344
35271.6 -1014.13 -831.234
35170.2 -1013.93 -826.131
35068.8 -1013.73 -821.033
34967.5 -1013.52 -815.942
34866.1 -1013.31 -810.856
34764.8 -1013.09 -805.777
34663.5 -1012.86 -800.705
34562.3 -1012.63 -795.638
34461 -1012.4 -790.578
34359.8 -1012.15 -785.525
34258.6 -1011.91 -780.478
34157.5 -1011.66 -775.438
34056.3 -1011.4 -770.405
33955.2 -1011.14 -765.378
33854.1 -1010.87 -760.359
33753.1 -1010.6 -755.346
33652 -1010.32 -750.34
33551 -1010.03 -745.341
33450 -1009.74 -740.35
33349.1 -1009.45 -735.365
33248.2 -1009.15 -730.388
33147.3 -1008.84 -725.418
33046.5 -1008.53 -720.456
32945.6 -1008.21 -715.501
32844.8 -1007.89 -710.554
32744.1 -1007.56 -705.614
32643.4 -1007.22 -700.682
32542.7 -1006.88 -695.758
32442 -1006.53 -690.841
32341.4 -1006.17 -685.933
32240.8 -1005.81 -681.032
32140.3 -1005.45 -676.14
32039.8 -1005.08 -671.255
31939.3 -1004.7 -666.379
31838.9 -1004.31 -661.511
31738.5 -1003.92 -656.652
31638.1 -1003.52 -651.801
31537.8 -1003.12 -646.958
31437.5 -1002.71 -642.124
31337.3 -1002.29 -637.298
31237.1 -1001.87 -632.482
31137 -1001.44 -627.674
31036.9 -1001 -622.875
30936.8 -1000.56 -618.085
30836.8 -1000.11 -613.304
30736.9 -999.65 -608.532
30636.9 -999.187 -603.769
30537.1 -998.716 -599.015
30437.2 -998.239 -594.271
30337.5 -997.756 -589.536
30237.7 -997.265 -584.811
30138.1 -996.767 -580.095
30038.4 -996.262 -575.389
29938.9 -995.751 -570.692
29839.3 -995.232 -566.005
29739.9 -994.706 -561.329
29640.4 -994.173 -556.662
29541.1 -993.633 -552.005
29441.8 -993.085 -547.358
29342.5 -992.53 -542.721
29243.3 -991.968 -538.095
29144.2 -991.399 -533.479
29045.1 -990.822 -528.873
28946.1 -990.238 -524.278
28847.1 -989.646 -519.693
28748.2 -989.047 -515.119
28649.4 -988.44 -510.556
28550.6 -987.826 -506.003
28451.9 -987.204 -501.462
28353.2 -986.575 -496.931
28254.6 -985.938 -492.411
28156.1 -985.293 -487.902
28057.6 -984.64 -483.405
27959.2 -983.98 -478.919
27860.9 -983.311 -474.444
27762.6 -982.635 -469.981
27664.4 -981.951 -465.529
27566.3 -981.259 -461.088
27468.3 -980.559 -456.659
27370.3 -979.851 -452.242
27272.4 -979.135 -447.837
27174.5 -978.411 -443.444
27076.7 -977.678 -439.062
26979 -976.938 -434.693
26881.4 -976.189 -430.335
26783.9 -975.433 -425.99
26686.4 -974.668 -421.657
26589 -973.894 -417.337
26491.7 -973.113 -413.028
26394.5 -972.323 -408.733
26297.3 -971.524 -404.45
26200.3 -970.718 -400.179
26103.3 -969.902 -395.921
26006.4 -969.079 -391.676
25909.5 -968.247 -387.444
25812.8 -967.406 -383.224
25716.1 -966.557 -379.018
25619.6 -965.699 -374.825
25523.1 -964.833 -370.645
25426.7 -963.958 -366.478
25330.4 -963.074 -362.324
25234.2 -962.182 -358.184
25138 -961.28 -354.057
25042 -960.371 -349.944
24946.1 -959.452 -345.844
24850.2 -958.525 -341.758
24754.4 -957.589 -337.685
24658.8 -956.644 -333.626
24563.2 -955.69 -329.581
24467.7 -954.727 -325.55
24372.4 -953.756 -321.533
24277.1 -952.775 -317.53
24181.9 -951.786 -313.542
24086.8 -950.787 -309.567
23991.9 -949.78 -305.606
23897 -948.764 -301.66
23802.2 -947.739 -297.728
23707.5 -946.704 -293.811
23613 -945.661 -289.908
23518.5 -944.609 -286.02
23424.2 -943.547 -282.146
23329.9 -942.477 -278.287
23235.8 -941.397 -274.442
23141.7 -940.308 -270.613
23047.8 -939.211 -266.798
22954 -938.104 -262.998
22860.3 -936.988 -259.213
22766.7 -935.863 -255.444
22673.2 -934.728 -251.689
22579.9 -933.585 -247.949
22486.6 -932.432 -244.225
22393.5 -931.27 -240.515
22300.5 -930.1 -236.821
22207.6 -928.92 -233.143
22114.8 -927.73 -229.48
22022.2 -926.532 -225.832
21929.7 -925.324 -222.199
21837.2 -924.108 -218.583
21745 -922.882 -214.981
21652.8 -921.647 -211.396
21560.8 -920.403 -207.826
21468.8 -919.149 -204.272
21377 -917.887 -200.733
21285.4 -916.615 -197.21
21193.9 -915.334 -193.704
21102.4 -914.044 -190.213
21011.2 -912.745 -186.738
20920 -911.437 -183.279
20829 -910.12 -179.836
20738.1 -908.793 -176.408
20647.4 -907.458 -172.997
20556.8 -906.113 -169.603
20466.3 -904.76 -166.224
20376 -903.397 -162.861
20285.8 -902.026 -159.515
20195.7 -900.645 -156.185
20105.8 -899.255 -152.871
20016 -897.857 -149.573
19926.3 -896.449 -146.292
19836.8 -895.033 -143.027
19747.5 -893.608 -139.778
19658.3 -892.174 -136.546
19569.2 -890.73 -133.33
19480.3 -889.279 -130.13
19391.5 -887.818 -126.947
19302.8 -886.349 -123.781
19214.4 -884.87 -120.631
19126 -883.384 -117.497
19037.8 -881.888 -114.38
18949.8 -880.384 -111.279
18861.9 -878.871 -108.195
18774.2 -877.35 -105.127
18686.6 -875.82 -102.076
18599.2 -874.281 -99.0419
18511.9 -872.734 -96.024
18424.8 -871.179 -93.0226
18337.8 -869.615 -90.0378
18251 -868.043 -87.0696
18164.4 -866.463 -84.118
18077.9 -864.874 -81.1829
17991.5 -863.277 -78.2644
17905.4 -861.672 -75.3625
17819.4 -860.059 -72.4771
17733.5 -858.438 -69.6083
17647.8 -856.809 -66.756
17562.3 -855.172 -63.9203
17477 -853.526 -61.1012
17391.8 -851.873 -58.2986
17306.8 -850.212 -55.5125
17221.9 -848.544 -52.7428
17137.2 -846.867 -49.9897
17052.7 -845.183 -47.2531
16968.4 -843.492 -44.5329
16884.2 -841.792 -41.8292
16800.2 -840.086 -39.1419
16716.3 -838.371 -36.471
16632.7 -836.65 -33.8164
16549.2 -834.921 -31.1783
16465.9 -833.185 -28.5564
16382.7 -831.442 -25.9509
16299.7 -829.691 -23.3617
16216.9 -827.934 -20.7887
16134.3 -826.169 -18.2319
16051.9 -824.398 -15.6913
15969.6 -822.62 -13.1669
15887.5 -820.834 -10.6587
15805.6 -819.043 -8.16647
15723.9 -817.244 -5.69035
15642.4 -815.439 -3.23024
15561 -813.628 -0.786121
15479.8 -811.81 1.64205
15398.9 -809.438 3.50375
15318.2 -807.062 5.34902
15237.7 -804.682 7.17797
15157.5 -802.298 8.99065
15077.5 -799.911 10.7872
14997.7 -797.52 12.5676
14918.2 -795.125 14.332
14839 -792.727 16.0805
14759.9 -790.326 17.8132
14681.1 -787.922 19.5301
14602.6 -785.515 21.2314
14524.3 -783.104 22.917
14446.2 -780.691 24.5872
14368.4 -778.275 26.242
14290.8 -775.857 27.8815
14213.4 -773.435 29.5058
14136.3 -771.012 31.115
14059.5 -768.586 32.7091
13982.9 -766.158 34.2883
13906.5 -763.727 35.8527
13830.4 -761.295 37.4023
13754.5 -758.861 38.9373
13678.8 -756.425 40.4577
13603.4 -753.987 41.9637
13528.3 -751.548 43.4553
13453.4 -749.107 44.9327
13378.7 -746.665 46.3959
13304.3 -744.221 47.845
13230.1 -741.777 49.2802
13156.2 -739.331 50.7015
13082.5 -736.884 52.109
13009 -734.437 53.5029
12935.8 -731.988 54.8833
12862.9 -729.539 56.2501
12790.2 -727.09 57.6037
12717.7 -724.64 58.9439
12645.5 -722.19 60.271
12573.5 -719.739 61.5851
12501.8 -717.289 62.8862
12430.3 -714.838 64.1745
12359.1 -712.387 65.4501
12288.1 -709.937 66.713
12217.3 -707.487 67.9634
12146.8 -705.037 69.2013
12076.6 -702.588 70.427
12006.6 -700.139 71.6404
11936.8 -697.691 72.8418
11867.3 -695.244 74.0311
11798 -692.798 75.2085
11728.9 -690.353 76.3741
11660.2 -687.909 77.5281
11591.6 -685.466 78.6704
11523.3 -683.024 79.8013
11455.2 -680.584 80.9208
11387.4 -678.145 82.0291
11319.9 -675.708 83.1262
11252.5 -673.272 84.2122
11185.4 -670.839 85.2872
11118.6 -668.407 86.3514
11052 -665.977 87.4049
10985.7 -663.549 88.4477
10919.5 -661.123 89.48
10853.7 -658.7 90.5019
10788 -656.279 91.5134
10722.7 -653.86 92.5147
10657.5 -651.444 93.5059
10592.6 -649.03 94.4871
10527.9 -646.619 95.4583
10463.5 -644.211 96.4198
10399.3 -641.806 97.3715
10335.4 -639.404 98.3136
10271.7 -637.005 99.2462
10208.2 -634.608 100.169
10145 -632.216 101.083
10082 -629.826 101.988
10019.3 -627.44 102.884
9956.79 -625.057 103.77
9894.52 -622.678 104.648
9832.49 -620.302 105.517
9770.7 -617.93 106.377
9709.14 -615.562 107.228
9647.82 -613.198 108.071
9586.74 -610.837 108.906
9525.89 -608.481 109.732
9465.28 -606.129 110.55
9404.9 -603.781 111.36
9344.76 -601.437 112.162
9284.85 -599.097 112.956
9225.17 -596.762 113.742
9165.73 -594.431 114.52
9106.52 -592.105 115.291
9047.54 -589.783 116.054
8988.79 -587.466 116.81
8930.28 -585.153 117.558
8871.99 -582.846 118.299
8813.94 -580.543 119.033
8756.11 -578.245 119.759
8698.52 -575.952 120.479
8641.15 -573.664 121.192
8584.01 -571.382 121.897
8527.1 -569.104 122.596
8470.42 -566.831 123.289
8413.96 -564.564 123.974
8357.73 -562.302 124.653
8301.73 -560.046 125.326
8245.95 -557.795 125.993
8190.4 -555.549 126.653
8135.06 -553.309 127.307
8079.96 -551.074 127.955
8025.07 -548.845 128.596
7970.41 -546.622 129.232
7915.97 -544.405 129.862
7861.75 -542.193 130.486
7807.75 -539.987 131.105
7753.97 -537.787 131.718
7700.41 -535.593 132.325
7647.07 -533.405 132.927
7593.95 -531.223 133.523
7541.05 -529.047 134.114
7488.36 -526.877 134.7
7435.89 -524.713 135.281
7383.63 -522.555 135.856
7331.59 -520.403 136.427
7279.77 -518.258 136.992
7228.15 -516.119 137.553
7176.76 -513.987 138.109
7125.57 -511.86 138.66
7074.6 -509.74 139.206
7023.83 -507.627 139.747
6973.28 -505.52 140.284
6922.94 -503.419 140.817
6872.81 -501.325 141.345
6822.88 -499.238 141.869
6773.17 -497.157 142.388
6723.66 -495.082 142.903
6674.36 -493.014 143.414
6625.26 -490.953 143.921
6576.37 -488.899 144.424
6527.69 -486.851 144.923
6479.21 -484.81 145.417
6430.93 -482.776 145.908
6382.85 -480.748 146.395
6334.98 -478.728 146.878
6287.31 -476.714 147.358
6239.84 -474.707 147.834
6192.57 -472.706 148.306
6145.5 -470.713 148.775
6098.62 -468.727 149.24
6051.95 -466.747 149.702
6005.47 -464.774 150.16
5959.19 -462.808 150.615
5913.11 -460.85 151.066
5867.22 -458.898 151.515
5821.52 -456.953 151.96
5776.02 -455.015 152.402
5730.71 -453.084 152.841
5685.6 -451.16 153.277
5640.67 -449.243 153.709
5595.94 -447.333 154.139
5551.39 -445.43 154.566
5507.04 -443.534 154.99
5462.88 -441.645 155.411
5418.9 -439.763 155.829
5375.11 -437.889 156.245
5331.51 -436.021 156.658
5288.09 -434.16 157.068
5244.86 -432.307 157.476
5201.82 -430.46 157.881
5158.95 -428.62 158.283
5116.28 -426.788 158.683
5073.78 -424.963 159.08
5031.47 -423.144 159.475
4989.33 -421.333 159.868
4947.38 -419.529 160.258
4905.61 -417.732 160.646
4864.01 -415.942 161.031
4822.6 -414.159 161.415
4781.36 -412.383 161.796
4740.3 -410.614 162.175
4699.41 -408.853 162.551
4658.7 -407.098 162.926
4618.17 -405.35 163.298
4577.8 -403.609 163.669
4537.62 -401.876 164.037
4497.6 -400.149 164.404
4457.76 -398.43 164.768
4418.09 -396.717 165.13
4378.59 -395.011 165.491
4339.26 -393.313 165.85
4300.09 -391.621 166.206
4261.1 -389.937 166.561
4222.27 -388.259 166.914
4183.61 -386.588 167.266
4145.12 -384.925 167.615
4106.8 -383.268 167.963
4068.63 -381.618 168.309
4030.64 -379.975 168.654
3992.8 -378.339 168.997
3955.13 -376.71 169.338
3917.62 -375.087 169.677
3880.28 -373.472 170.015
3843.09 -371.863 170.352
3806.06 -370.262 170.687
3769.2 -368.667 171.02
3732.49 -367.079 171.352
3695.94 -365.497 171.682
3659.55 -363.923 172.011
3623.31 -362.355 172.339
3587.23 -360.794 172.665
3551.31 -359.239 172.989
3515.54 -357.692 173.313
3479.92 -356.151 173.635
3444.46 -354.617 173.955
3409.15 -353.089 174.274
3374 -351.568 174.592
3338.99 -350.054 174.909
3304.14 -348.546 175.224
3269.43 -347.045 175.538
3234.88 -345.55 175.851
3200.47 -344.062 176.163
3166.21 -342.581 176.473
3132.1 -341.106 176.783
3098.14 -339.638 177.091
3064.32 -338.176 177.397
3030.65 -336.72 177.703
2997.12 -335.271 178.008
2963.74 -333.828 178.311
2930.5 -332.392 178.613
2897.4 -330.962 178.914
2864.45 -329.539 179.215
2831.64 -328.121 179.514
2798.97 -326.711 179.812
2766.44 -325.306 180.108
2734.04 -323.908 180.404
2701.79 -322.516 180.699
2669.68 -321.13 180.993
2637.7 -319.75 181.286
2605.87 -318.376 181.577
2574.17 -317.009 181.868
2542.6 -315.648 182.158
2511.17 -314.293 182.447
2479.88 -312.944 182.735
2448.72 -311.601 183.022
2417.69 -310.264 183.308
2386.8 -308.933 183.593
2356.04 -307.608 183.877
2325.41 -306.29 184.16
2294.91 -304.977 184.442
2264.54 -303.67 184.723
2234.31 -302.369 185.004
2204.2 -301.073 185.283
2174.22 -299.784 185.562
2144.37 -298.501 185.84
2114.65 -297.223 186.117
2085.05 -295.951 186.393
2055.59 -294.685 186.668
2026.24 -293.424 186.942
1997.03 -292.17 187.216
1967.93 -290.921 187.489
1938.97 -289.677 187.76
1910.12 -288.44 188.031
1881.4 -287.208 188.302
1852.8 -285.981 188.571
1824.33 -284.76 188.84
1795.97 -283.545 189.107
1767.74 -282.335 189.374
1739.63 -281.131 189.64
1711.63 -279.932 189.906
1683.76 -278.739 190.17
1656 -277.551 190.434
1628.37 -276.368 190.697
1600.85 -275.191 190.959
1573.45 -274.019 191.221
1546.16 -272.853 191.481
1518.99 -271.692 191.741
1491.94 -270.536 192
1465 -269.385 192.259
1438.18 -268.24 192.516
1411.47 -267.099 192.773
1384.87 -265.964 193.029
1358.39 -264.835 193.285
1332.01 -263.71 193.539
1305.76 -262.59 193.793
1279.61 -261.476 194.046
1253.57 -260.366 194.299
1227.64 -259.262 194.55
1201.83 -258.162 194.801
1176.12 -257.068 195.051
1150.52 -255.979 195.301
1125.03 -254.894 195.549
1099.65 -253.814 195.797
1074.38 -252.74 196.045
1049.21 -251.67 196.291
1024.15 -250.605 196.537
999.197 -249.545 196.782
975.408 -237.895 186.377
952.682 -227.262 176.932
930.93 -217.517 168.325
910.075 -208.551 160.45
890.047 -200.274 153.22
870.787 -192.608 146.562
852.238 -185.487 140.411
834.353 -178.854 134.713
817.087 -172.66 129.422
800.4 -166.862 124.497
784.258 -161.423 119.902
768.627 -156.309 115.606
753.478 -151.493 111.583
738.783 -146.948 107.806
724.518 -142.652 104.257
710.659 -138.585 100.914
697.187 -134.728 97.7616
684.08 -131.065 94.7842
671.322 -127.581 91.9682
658.896 -124.265 89.3012
646.785 -121.102 86.7721
634.977 -118.083 84.3709
623.457 -115.198 82.0885
612.213 -112.438 79.9165
601.234 -109.795 77.8475
590.508 -107.261 75.8744
580.025 -104.829 73.9911
569.776 -102.494 72.1917
559.751 -100.249 70.4709
549.942 -98.0884 68.8239
540.341 -96.0084 67.246
530.941 -94.004 65.7333
521.734 -92.0709 64.2818
512.713 -90.2053 62.888
503.873 -88.4035 61.5486
495.206 -86.6621 60.2605
486.709 -84.9781 59.0209
478.374 -83.3484 57.8272
470.197 -81.7704 56.6769
462.173 -80.2415 55.5677
454.297 -78.7593 54.4975
446.565 -77.3216 53.4642
438.972 -75.9263 52.466
431.515 -74.5713 51.5011
424.189 -73.255 50.5679
416.992 -71.9754 49.6648
409.919 -70.7311 48.7904
402.967 -69.5204 47.9433
396.132 -68.3419 47.1223
389.413 -67.1942 46.326
382.805 -66.076 45.5535
376.307 -64.9861 44.8035
369.914 -63.9233 44.0751
363.626 -62.8866 43.3673
357.438 -61.8749 42.6792
351.35 -60.8872 42.0099
345.357 -59.9225 41.3587
339.459 -58.9801 40.7247
333.653 -58.0589 40.1073
327.938 -57.1584 39.5057
322.31 -56.2775 38.9192
316.768 -55.4158 38.3473
311.311 -54.5724 37.7893
305.936 -53.7466 37.2447
300.643 -52.938 36.713
295.428 -52.1458 36.1935
290.291 -51.3695 35.6859
285.23 -50.6085 35.1896
280.244 -49.8623 34.7042
275.331 -49.1305 34.2294
270.49 -48.4124 33.7646
265.719 -47.7078 33.3095
261.017 -47.0161 32.8637
256.384 -46.3369 32.4268
251.817 -45.6698 31.9986
247.315 -45.0145 31.5787
242.878 -44.3704 31.1668
238.504 -43.7374 30.7625
234.193 -43.1151 30.3657
229.943 -42.503 29.976
225.752 -41.901 29.5931
221.622 -41.3087 29.2168
217.549 -40.7257 28.8469
213.534 -40.1519 28.4831
209.575 -39.587 28.1252
205.672 -39.0307 27.773
201.824 -38.4827 27.4263
198.03 -37.9428 27.0849
194.288 -37.4107 26.7485
190.6 -36.8863 26.4171
186.963 -36.3694 26.0903
183.377 -35.8596 25.7682
179.841 -35.3569 25.4504
176.355 -34.861 25.1368
172.918 -34.3717 24.8273
169.529 -33.8888 24.5217
166.188 -33.4123 24.2199
162.894 -32.9418 23.9217
159.646 -32.4772 23.627
156.444 -32.0185 23.3357
153.288 -31.5653 23.0476
150.176 -31.1176 22.7627
147.108 -30.6752 22.4808
144.084 -30.2381 22.2018
141.104 -29.8059 21.9255
138.166 -29.3787 21.652
135.27 -28.9563 21.381
132.417 -28.5385 21.1125
129.604 -28.1252 20.8463
126.832 -27.7164 20.5825
124.101 -27.3119 20.3208
121.41 -26.9116 20.0613
118.758 -26.5154 19.8037
116.146 -26.1231 19.5481
113.573 -25.7348 19.2944
111.038 -25.3502 19.0424
108.541 -24.9693 18.7921
106.082 -24.5921 18.5435
103.66 -24.2183 18.2964
101.275 -23.8479 18.0508
98.9268 -23.4809 17.8066
96.6151 -23.1172 17.5637
94.3395 -22.7566 17.3222
92.0996 -22.3991 17.0818
89.8951 -22.0446 16.8426
87.7258 -21.693 16.6045
85.5914 -21.3443 16.3675
83.4915 -20.9984 16.1314
81.426 -20.6552 15.8962
79.3945 -20.3147 15.662
77.3969 -19.9767 15.4285
75.4327 -19.6413 15.1958
73.5019 -19.3083 14.9638
71.6041 -18.9777 14.7325
69.7392 -18.6495 14.5018
67.9068 -18.3235 14.2717
66.1069 -17.9997 14.042
64.339 -17.6781 13.8129
62.6032 -17.3586 13.5842
60.8991 -17.0412 13.3559
59.2265 -16.7257 13.1279
57.5853 -16.4122 12.9002
55.9752 -16.1006 12.6728
54.3961 -15.7908 12.4456
52.8478 -15.4828 12.2186
51.3302 -15.1766 11.9918
49.843 -14.872 11.765
48.3861 -14.5691 11.5383
46.9593 -14.2678 11.3116
45.5625 -13.9681 11.085
44.1955 -13.6699 10.8582
42.8582 -13.3731 10.6314
41.5504 -13.0778 10.4045
40.272 -12.7839 10.1774
39.0229 -12.4913 9.95019
37.8029 -12.2 9.72272
36.6119 -11.91 9.495
35.4498 -11.6212 9.267
34.3164 -11.3336 9.03868
33.2117 -11.0471 8.81001
32.1355 -10.7618 8.58096
31.0878 -10.4775 8.3515
30.0683 -10.1943 8.1216
29.0771 -9.91209 7.89122
28.114 -9.63084 7.66034
27.179 -9.35052 7.42893
26.2719 -9.0711 7.19695
25.3926 -8.79254 6.96438
24.5411 -8.51481 6.73119
23.7174 -8.23787 6.49734
22.9212 -7.9617 6.26281
22.1526 -7.68625 6.02757
21.4114 -7.41151 5.79159
20.6977 -7.13743 5.55484
20.0113 -6.86398 5.31729
19.3522 -6.59113 5.07892
18.7203 -6.31885 4.83969
18.1156 -6.04711 4.59958
17.538 -5.77587 4.35855
16.9875 -5.50511 4.11659
16.464 -5.2348 3.87365
15.9675 -4.9649 3.62972
15.498 -4.69538 3.38476
15.0553 -4.42622 3.13875
14.6396 -4.15738 2.89166
14.2507 -3.88884 2.64346
13.8887 -3.62056 2.39412
13.5534 -3.35251 2.14361
13.2449 -3.08467 1.8919
12.9632 -2.817 1.63897
12.7083 -2.54948 1.38478
12.4801 -2.28208 1.12931
12.2786 -2.01476 0.87253
12.1039 -1.7475 0.614408
11.9558 -1.48026 0.354914
11.8307 -1.2514 0.132603
11.7142 -1.16465 0.0519453
11.6013 -1.12947 0.0226736
11.49 -1.11302 0.0120359
11.3796 -1.10336 0.00815315
11.27 -1.09619 0.00671858
11.161 -1.08995 0.00617108
11.0526 -1.08405 0.005945
10.9448 -1.0783 0.00583544
10.8375 -1.07262 0.00576819
10.7308 -1.06699 0.0057164
10.6247 -1.06139 0.00567033
10.5191 -1.05583 0.00562647
10.4141 -1.05029 0.00558355
10.3096 -1.04478 0.00554109
10.2057 -1.0393 0.00549895
10.1023 -1.03385 0.00545705
9.99945 -1.02843 0.00541537
9.89714 -1.02304 0.0053739
9.79537 -1.01768 0.00533265
9.69414 -1.01234 0.0052916
9.59344 -1.00703 0.00525076
9.49326 -1.00175 0.00521013
9.39361 -0.9965 0.0051697
9.29448 -0.991275 0.00512947
9.19588 -0.986077 0.00508944
9.09779 -0.980906 0.00504962
9.00021 -0.975763 0.00501
8.90314 -0.970647 0.00497058
8.80659 -0.965557 0.00493136
8.71054 -0.960494 0.00489233
8.61499 -0.955458 0.0048535
8.51995 -0.950448 0.00481487
8.4254 -0.945464 0.00477643
8.33135 -0.940507 0.00473819
8.23779 -0.935575 0.00470015
8.14473 -0.93067 0.00466229
8.05215 -0.92579 0.00462463
7.96005 -0.920935 0.00458716
7.86844 -0.916106 0.00454987
7.77731 -0.911303 0.00451278
7.68666 -0.906524 0.00447588
7.59648 -0.901771 0.00443916
7.50678 -0.897042 0.00440263
7.41755 -0.892339 0.00436629
7.32878 -0.88766 0.00433013
7.24048 -0.883005 0.00429416
7.15264 -0.878375 0.00425836
7.06527 -0.873769 0.00422275
6.97835 -0.869188 0.00418733
6.89188 -0.86463 0.00415208
6.80587 -0.860096 0.00411701
6.72032 -0.855586 0.00408213
6.63521 -0.8511 0.00404741
6.55054 -0.846637 0.00401288
6.46632 -0.842197 0.00397853
6.38254 -0.837781 0.00394434
6.2992 -0.833388 0.00391034
6.2163 -0.829018 0.00387651
6.13384 -0.824671 0.00384285
6.0518 -0.820347 0.00380936
5.9702 -0.816045 0.00377605
5.88902 -0.811766 0.00374291
5.80827 -0.80751 0.00370993
5.72794 -0.803275 0.00367713
5.64804 -0.799063 0.00364449
5.56855 -0.794873 0.00361203
5.48948 -0.790705 0.00357972
5.41082 -0.786559 0.00354759
5.33258 -0.782434 0.00351562
5.25474 -0.778332 0.00348381
5.17732 -0.77425 0.00345217
5.1003 -0.77019 0.0034207
5.02369 -0.766152 0.00338938
4.94747 -0.762134 0.00335822
4.87166 -0.758138 0.00332723
4.79624 -0.754162 0.0032964
4.72122 -0.750208 0.00326572
4.64659 -0.746274 0.0032352
4.57236 -0.742361 0.00320484
4.49851 -0.738468 0.00317464
4.42505 -0.734596 0.0031446
4.35198 -0.730744 0.00311471
4.27929 -0.726912 0.00308497
4.20698 -0.7231 0.00305539
4.13505 -0.719308 0.00302596
4.06349 -0.715536 0.00299668
3.99231 -0.711784 0.00296755
3.92151 -0.708052 0.00293858
3.85107 -0.704339 0.00290976
3.78101 -0.700646 0.00288108
3.71131 -0.696972 0.00285256
3.64198 -0.693317 0.00282418
3.57301 -0.689681 0.00279595
3.50441 -0.686065 0.00276787
3.43616 -0.682467 0.00273993
3.36827 -0.678888 0.00271214
3.30074 -0.675329 0.00268449
3.23356 -0.671787 0.00265698
3.16673 -0.668265 0.00262962
3.10026 -0.66476 0.00260241
3.03413 -0.661275 0.00257533
2.96835 -0.657807 0.0025484
2.90291 -0.654358 0.0025216
2.83782 -0.650926 0.00249494
2.77307 -0.647513 0.00246843
2.70866 -0.644118 0.00244205
2.64458 -0.64074 0.00241581
2.58085 -0.63738 0.00238971
2.51744 -0.634038 0.00236374
2.45437 -0.630713 0.00233791
2.39163 -0.627406 0.00231221
2.32922 -0.624116 0.00228665
2.26713 -0.620843 0.00226123
2.20537 -0.617587 0.00223593
2.14394 -0.614349 0.00221077
2.08283 -0.611127 0.00218574
2.02203 -0.607923 0.00216084
1.96156 -0.604735 0.00213607
1.90141 -0.601564 0.00211143
1.84156 -0.598409 0.00208692
1.78204 -0.595271 0.00206254
1.72282 -0.59215 0.00203829
1.66392 -0.589045 0.00201416
1.60532 -0.585956 0.00199017
1.54703 -0.582883 0.00196629
1.48905 -0.579827 0.00194255
1.43137 -0.576786 0.00191892
1.374 -0.573762 0.00189542
1.31692 -0.570753 0.00187205
1.26014 -0.56776 0.0018488
1.20367 -0.564783 0.00182567
1.14748 -0.561821 0.00180266
1.0916 -0.558875 0.00177978
1.036 -0.555945 0.00175701
0.980699 -0.55303 0.00173436
0.925686 -0.55013 0.00171184
0.870962 -0.547245 0.00168943
0.816524 -0.544375 0.00166714
0.762372 -0.541521 0.00164497
0.708504 -0.538681 0.00162292
0.654918 -0.535856 0.00160098
0.601614 -0.533046 0.00157916
0.548589 -0.530251 0.00155745
0.495842 -0.527471 0.00153586
