0.3 0 -6000.23
0.4 0 -5999.89
0.5 0 -5999.56
0.6 0 -5999.22
0.7 0 -5998.88
0.8 0 -5998.54
0.9 0 -5998.2
1 0 -5997.86
1.1 0 -5997.51
1.2 0 -5997.17
1.3 0 -5996.82
1.4 0 -5996.48
1.5 0 -5996.13
1.6 0 -5995.78
1.7 0 -5995.43
1.8 0 -5995.08
1.9 0 -5994.73
2 0 -5994.38
2.1 0 -5994.03
2.2 0 -5993.67
2.3 0 -5993.32
2.4 0 -5992.96
2.5 0 -5992.6
2.6 0 -5992.25
2.7 0 -5991.89
2.8 0 -5991.53
2.9 0 -5991.17
3 0 -5990.8
3.1 0 -5990.44
3.2 0 -5990.08
3.3 0 -5989.71
3.4 0 -5989.35
3.5 0 -5988.98
3.6 0 -5988.61
3.7 0 -5988.24
3.8 0 -5987.87
3.9 0 -5987.5
4 0 -5987.13
4.1 0 -5986.75
4.2 0 -5986.38
4.3 0 -5986.01
4.4 0 -5985.63
4.5 0 -5985.25
4.6 0 -5984.87
4.7 0 -5984.49
4.8 0 -5984.11
4.9 0 -5983.73
5 0 -5983.35
5.1 0 -5982.97
5.2 0 -5982.58
5.3 0 -5982.2
5.4 0 -5981.81
5.5 0 -5981.43
5.6 0 -5981.04
5.7 0 -5980.65
5.8 0 -5980.26
5.9 0 -5979.87
6 0 -5979.48
6.1 0 -5979.08
6.2 0 -5978.69
6.3 0 -5978.29
6.4 0 -5977.9
6.5 0 -5977.5
6.6 0 -5977.1
6.7 0 -5976.7
6.8 0 -5976.3
6.9 0 -5975.9
7 0 -5975.5
7.1 0 -5975.1
7.2 0 -5974.69
7.3 0 -5974.29
7.4 0 -5973.88
7.5 0 -5973.47
7.6 0 -5973.07
7.7 0 -5972.66
7.8 0 -5972.25
7.9 0 -5971.83
8 0 -5971.42
8.1 0 -5971.01
8.2 0 -5970.6
8.3 0 -5970.18
8.4 0 -5969.76
8.5 0 -5969.35
8.6 0 -5968.93
8.7 0 -5968.51
8.8 0 -5968.09
8.9 0 -5967.67
9 0 -5967.25
9.1 0 -5966.82
9.2 0 -5966.4
9.3 0 -5965.97
9.4 0 -5965.55
9.5 0 -5965.12
9.6 0 -5964.69
9.7 0 -5964.26
9.8 0 -5963.83
9.9 0 -5963.4
10 0 -5962.97
10.1 0 -5962.54
10.2 0 -5962.1
10.3 0 -5961.67
10.4 0 -5961.23
10.5 0 -5960.79
10.6 0 -5960.36
10.7 0 -5959.92
10.8 0 -5959.48
10.9 0 -5959.04
11 0 -5958.59
11.1 0 -5958.15
11.2 0 -5957.71
11.3 0 -5957.26
11.4 0 -5956.82
11.5 0 -5956.37
11.6 0 -5955.92
11.7 0 -5955.47
11.8 0 -5955.02
11.9 0 -5954.57
12 0 -5954.12
12.1 0 -5953.66
12.2 0 -5953.21
12.3 0 -5952.76
12.4 0 -5952.3
12.5 0 -5951.84
12.6 0 -5951.38
12.7 0 -5950.92
12.8 0 -5950.46
12.9 0 -5950
13 0 -5949.54
13.1 0 -5949.08
13.2 0 -5948.61
13.3 0 -5948.15
13.4 0 -5947.68
13.5 0 -5947.22
13.6 0 -5946.75
13.7 0 -5946.28
13.8 0 -5945.81
13.9 0 -5945.34
14 0 -5944.86
14.1 0 -5944.39
14.2 0 -5943.92
14.3 0 -5943.44
14.4 0 -5942.97
14.5 0 -5942.49
14.6 0 -5942.01
14.7 0 -5941.53
14.8 0 -5941.05
14.9 0 -5940.57
15 0 -5940.09
15.1 0 -5939.61
15.2 0 -5939.12
15.3 0 -5938.64
15.4 0 -5938.15
15.5 0 -5937.66
15.6 0 -5937.17
15.7 0 -5936.69
15.8 0 -5936.2
15.9 0 -5935.7
16 0 -5935.21
16.1 0 -5934.72
16.2 0 -5934.22
16.3 0 -5933.73
16.4 0 -5933.23
16.5 0 -5932.74
16.6 0 -5932.24
16.7 0 -5931.74
16.8 0 -5931.24
16.9 0 -5930.74
17 0 -5930.24
17.1 0 -5929.73
17.2 0 -5929.23
17.3 0 -5928.72
17.4 0 -5928.22
17.5 0 -5927.71
17.6 0 -5927.2
17.7 0 -5926.69
17.8 0 -5926.18
17.9 0 -5925.67
18 0 -5925.16
18.1 0 -5924.65
18.2 0 -5924.13
18.3 0 -5923.62
18.4 0 -5923.1
18.5 0 -5922.58
18.6 0 -5922.07
18.7 0 -5921.55
18.8 0 -5921.03
18.9 0 -5920.5
19 0 -5919.98
19.1 0 -5919.46
19.2 0 -5918.94
19.3 0 -5918.41
19.4 0 -5917.88
19.5 0 -5917.36
19.6 0 -5916.83
19.7 0 -5916.3
19.8 0 -5915.77
19.9 0 -5915.24
20 0 -5914.71
20.1 0 -5914.17
20.2 0 -5913.64
20.3 0 -5913.1
20.4 0 -5912.57
20.5 0 -5912.03
20.6 0 -5911.49
20.7 0 -5910.95
20.8 0 -5910.41
20.9 0 -5909.87
21 0 -5909.33
21.1 0 -5908.79
21.2 0 -5908.24
21.3 0 -5907.7
21.4 0 -5907.15
21.5 0 -5906.6
21.6 0 -5906.05
21.7 0 -5905.51
21.8 0 -5904.96
21.9 0 -5904.4
22 0 -5903.85
22.1 0 -5903.3
22.2 0 -5902.74
22.3 0 -5902.19
22.4 0 -5901.63
22.5 0 -5901.08
22.6 0 -5900.52
22.7 0 -5899.96
22.8 0 -5899.4
22.9 0 -5898.84
23 0 -5898.27
23.1 0 -5897.71
23.2 0 -5897.15
23.3 0 -5896.58
23.4 0 -5896.02
23.5 0 -5895.45
23.6 0 -5894.88
23.7 0 -5894.31
23.8 0 -5893.74
23.9 0 -5893.17
24 0 -5892.6
24.1 0 -5892.02
24.2 0 -5891.45
24.3 0 -5890.87
24.4 0 -5890.3
24.5 0 -5889.72
24.6 0 -5889.14
24.7 0 -5888.56
24.8 0 -5887.98
24.9 0 -5887.4
25 0 -5886.82
25.1 0 -5886.24
25.2 0 -5885.65
25.3 0 -5885.07
25.4 0 -5884.48
25.5 0 -5883.89
25.6 0 -5883.31
25.7 0 -5882.72
25.8 0 -5882.13
25.9 0 -5881.53
26 0 -5880.94
26.1 0 -5880.35
26.2 0 -5879.75
26.3 0 -5879.16
26.4 0 -5878.56
26.5 0 -5877.97
26.6 0 -5877.37
26.7 0 -5876.77
26.8 0 -5876.17
26.9 0 -5875.57
27 0 -5874.96
27.1 0 -5874.36
27.2 0 -5873.76
27.3 0 -5873.15
27.4 0 -5872.55
27.5 0 -5871.94
27.6 0 -5871.33
27.7 0 -5870.72
27.8 0 -5870.11
27.9 0 -5869.5
28 0 -5868.89
28.1 0 -5868.27
28.2 0 -5867.66
28.3 0 -5867.04
28.4 0 -5866.43
28.5 0 -5865.81
28.6 0 -5865.19
28.7 0 -5864.57
28.8 0 -5863.95
28.9 0 -5863.33
29 0 -5862.71
29.1 0 -5862.09
29.2 0 -5861.46
29.3 0 -5860.84
29.4 0 -5860.21
29.5 0 -5859.58
29.6 0 -5858.95
29.7 0 -5858.32
29.8 0 -5857.69
29.9 0 -5857.06
30 0 -5856.43
30.1 0 -5855.8
30.2 0 -5855.16
30.3 0 -5854.53
30.4 0 -5853.89
30.5 0 -5853.25
30.6 0 -5852.62
30.7 0 -5851.98
30.8 0 -5851.34
30.9 0 -5850.69
31 0 -5850.05
31.1 0 -5849.41
31.2 0 -5848.76
31.3 0 -5848.12
31.4 0 -5847.47
31.5 0 -5846.83
31.6 0 -5846.18
31.7 0 -5845.53
31.8 0 -5844.88
31.9 0 -5844.23
32 0 -5843.57
32.1 0 -5842.92
32.2 0 -5842.27
32.3 0 -5841.61
32.4 0 -5840.95
32.5 0 -5840.3
32.6 0 -5839.64
32.7 0 -5838.98
32.8 0 -5838.32
32.9 0 -5837.66
33 0 -5836.99
33.1 0 -5836.33
33.2 0 -5835.67
33.3 0 -5835
33.4 0 -5834.33
33.5 0 -5833.67
33.6 0 -5833
33.7 0 -5832.33
33.8 0 -5831.66
33.9 0 -5830.99
34 0 -5830.32
34.1 0 -5829.64
34.2 0 -5828.97
34.3 0 -5828.29
34.4 0 -5827.62
34.5 0 -5826.94
34.6 0 -5826.26
34.7 0 -5825.58
34.8 0 -5824.9
34.9 0 -5824.22
35 0 -5823.54
35.1 0 -5822.85
35.2 0 -5822.17
35.3 0 -5821.48
35.4 0 -5820.8
35.5 0 -5820.11
35.6 0 -5819.42
35.7 0 -5818.73
35.8 0 -5818.04
35.9 0 -5817.35
36 0 -5816.66
36.1 0 -5815.96
36.2 0 -5815.27
36.3 0 -5814.57
36.4 0 -5813.88
36.5 0 -5813.18
36.6 0 -5812.48
36.7 0 -5811.78
36.8 0 -5811.08
36.9 0 -5810.38
37 0 -5809.68
37.1 0 -5808.97
37.2 0 -5808.27
37.3 0 -5807.56
37.4 0 -5806.86
37.5 0 -5806.15
37.6 0 -5805.44
37.7 0 -5804.73
37.8 0 -5804.02
37.9 0 -5803.31
38 0 -5802.6
38.1 0 -5801.88
38.2 0 -5801.17
38.3 0 -5800.45
38.4 0 -5799.74
38.5 0 -5799.02
38.6 0 -5798.3
38.7 0 -5797.58
38.8 0 -5796.86
38.9 0 -5796.14
39 0 -5795.41
39.1 0 -5794.69
39.2 0 -5793.97
39.3 0 -5793.24
39.4 0 -5792.51
39.5 0 -5791.79
39.6 0 -5791.06
39.7 0 -5790.33
39.8 0 -5789.6
39.9 0 -5788.87
40 0 -5788.13
40.1 0 -5787.4
40.2 0 -5786.67
40.3 0 -5785.93
40.4 0 -5785.19
40.5 0 -5784.46
40.6 0 -5783.72
40.7 0 -5782.98
40.8 0 -5782.24
40.9 0 -5781.5
41 0 -5780.75
41.1 0 -5780.01
41.2 0 -5779.26
41.3 0 -5778.52
41.4 0 -5777.77
41.5 0 -5777.02
41.6 0 -5776.28
41.7 0 -5775.53
41.8 0 -5774.78
41.9 0 -5774.02
42 0 -5773.27
42.1 0 -5772.52
42.2 0 -5771.76
42.3 0 -5771.01
42.4 0 -5770.25
42.5 0 -5769.49
42.6 0 -5768.73
42.7 0 -5767.97
42.8 0 -5767.21
42.9 0 -5766.45
43 0 -5765.69
43.1 0 -5764.93
43.2 0 -5764.16
43.3 0 -5763.39
43.4 0 -5762.63
43.5 0 -5761.86
43.6 0 -5761.09
43.7 0 -5760.32
43.8 0 -5759.55
43.9 0 -5758.78
44 0 -5758.01
44.1 0 -5757.23
44.2 0 -5756.46
44.3 0 -5755.68
44.4 0 -5754.91
44.5 0 -5754.13
44.6 0 -5753.35
44.7 0 -5752.57
44.8 0 -5751.79
44.9 0 -5751.01
45 0 -5750.22
45.1 0 -5749.44
45.2 0 -5748.65
45.3 0 -5747.87
45.4 0 -5747.08
45.5 0 -5746.29
45.6 0 -5745.51
45.7 0 -5744.72
45.8 0 -5743.93
45.9 0 -5743.13
46 0 -5742.34
46.1 0 -5741.55
46.2 0 -5740.75
46.3 0 -5739.96
46.4 0 -5739.16
46.5 0 -5738.36
46.6 0 -5737.56
46.7 0 -5736.76
46.8 0 -5735.96
46.9 0 -5735.16
47 0 -5734.36
47.1 0 -5733.55
47.2 0 -5732.75
47.3 0 -5731.94
47.4 0 -5731.14
47.5 0 -5730.33
47.6 0 -5729.52
47.7 0 -5728.71
47.8 0 -5727.9
47.9 0 -5727.09
48 0 -5726.27
48.1 0 -5725.46
48.2 0 -5724.64
48.3 0 -5723.83
48.4 0 -5723.01
48.5 0 -5722.19
48.6 0 -5721.37
48.7 0 -5720.55
48.8 0 -5719.73
48.9 0 -5718.91
49 0 -5718.09
49.1 0 -5717.26
49.2 0 -5716.44
49.3 0 -5715.61
49.4 0 -5714.79
49.5 0 -5713.96
49.6 0 -5713.13
49.7 0 -5712.3
49.8 0 -5711.47
49.9 0 -5710.64
50 0 -5709.8
50.1 0 -5708.97
50.2 0 -5708.13
50.3 0 -5707.3
50.4 0 -5706.46
50.5 0 -5705.62
50.6 0 -5704.78
50.7 0 -5703.94
50.8 0 -5703.1
50.9 0 -5702.26
51 0 -5701.42
51.1 0 -5700.57
51.2 0 -5699.73
51.3 0 -5698.88
51.4 0 -5698.04
51.5 0 -5697.19
51.6 0 -5696.34
51.7 0 -5695.49
51.8 0 -5694.64
51.9 0 -5693.78
52 0 -5692.93
52.1 0 -5692.08
52.2 0 -5691.22
52.3 0 -5690.37
52.4 0 -5689.51
52.5 0 -5688.65
52.6 0 -5687.79
52.7 0 -5686.93
52.8 0 -5686.07
52.9 0 -5685.21
53 0 -5684.35
53.1 0 -5683.48
53.2 0 -5682.62
53.3 0 -5681.75
53.4 0 -5680.88
53.5 0 -5680.01
53.6 0 -5679.14
53.7 0 -5678.27
53.8 0 -5677.4
53.9 0 -5676.53
54 0 -5675.66
54.1 0 -5674.78
54.2 0 -5673.91
54.3 0 -5673.03
54.4 0 -5672.15
54.5 0 -5671.28
54.6 0 -5670.4
54.7 0 -5669.52
54.8 0 -5668.64
54.9 0 -5667.75
55 0 -5666.87
55.1 0 -5665.99
55.2 0 -5665.1
55.3 0 -5664.21
55.4 0 -5663.33
55.5 0 -5662.44
55.6 0 -5661.55
55.7 0 -5660.66
55.8 0 -5659.77
55.9 0 -5658.88
56 0 -5657.98
56.1 0 -5657.09
56.2 0 -5656.19
56.3 0 -5655.3
56.4 0 -5654.4
56.5 0 -5653.5
56.6 0 -5652.6
56.7 0 -5651.7
56.8 0 -5650.8
56.9 0 -5649.9
57 0 -5648.99
57.1 0 -5648.09
57.2 0 -5647.18
57.3 0 -5646.28
57.4 0 -5645.37
57.5 0 -5644.46
57.6 0 -5643.55
57.7 0 -5642.64
57.8 0 -5641.73
57.9 0 -5640.82
58 0 -5639.9
58.1 0 -5638.99
58.2 0 -5638.07
58.3 0 -5637.16
58.4 0 -5636.24
58.5 0 -5635.32
58.6 0 -5634.4
58.7 0 -5633.48
58.8 0 -5632.56
58.9 0 -5631.64
59 0 -5630.71
59.1 0 -5629.79
59.2 0 -5628.86
59.3 0 -5627.94
59.4 0 -5627.01
59.5 0 -5626.08
59.6 0 -5625.15
59.7 0 -5624.22
59.8 0 -5623.29
59.9 0 -5622.36
60 0 -5621.42
60.1 0 -5620.49
60.2 0 -5619.55
60.3 0 -5618.62
60.4 0 -5617.68
60.5 0 -5616.74
60.6 0 -5615.8
60.7 0 -5614.86
60.8 0 -5613.92
60.9 0 -5612.98
61 0 -5612.03
61.1 0 -5611.09
61.2 0 -5610.14
61.3 0 -5609.2
61.4 0 -5608.25
61.5 0 -5607.3
61.6 0 -5606.35
61.7 0 -5605.4
61.8 0 -5604.45
61.9 0 -5603.49
62 0 -5602.54
62.1 0 -5601.59
62.2 0 -5600.63
62.3 0 -5599.67
62.4 0 -5598.72
62.5 0 -5597.76
62.6 0 -5596.8
62.7 0 -5595.84
62.8 0 -5594.87
62.9 0 -5593.91
63 0 -5592.95
63.1 0 -5591.98
63.2 0 -5591.02
63.3 0 -5590.05
63.4 0 -5589.08
63.5 0 -5588.11
63.6 0 -5587.14
63.7 0 -5586.17
63.8 0 -5585.2
63.9 0 -5584.23
64 0 -5583.25
64.1 0 -5582.28
64.2 0 -5581.3
64.3 0 -5580.33
64.4 0 -5579.35
64.5 0 -5578.37
64.6 0 -5577.39
64.7 0 -5576.41
64.8 0 -5575.43
64.9 0 -5574.44
65 0 -5573.46
65.1 0 -5572.48
65.2 0 -5571.49
65.3 0 -5570.5
65.4 0 -5569.51
65.5 0 -5568.53
65.6 0 -5567.54
65.7 0 -5566.54
65.8 0 -5565.55
65.9 0 -5564.56
66 0 -5563.57
66.1 0 -5562.57
66.2 0 -5561.57
66.3 0 -5560.58
66.4 0 -5559.58
66.5 0 -5558.58
66.6 0 -5557.58
66.7 0 -5556.58
66.8 0 -5555.58
66.9 0 -5554.57
67 0 -5553.57
67.1 0 -5552.56
67.2 0 -5551.56
67.3 0 -5550.55
67.4 0 -5549.54
67.5 0 -5548.53
67.6 0 -5547.52
67.7 0 -5546.51
67.8 0 -5545.5
67.9 0 -5544.49
68 0 -5543.47
68.1 0 -5542.46
68.2 0 -5541.44
68.3 0 -5540.43
68.4 0 -5539.41
68.5 0 -5538.39
68.6 0 -5537.37
68.7 0 -5536.35
68.8 0 -5535.32
68.9 0 -5534.3
69 0 -5533.28
69.1 0 -5532.25
69.2 0 -5531.23
69.3 0 -5530.2
69.4 0 -5529.17
69.5 0 -5528.14
69.6 0 -5527.11
69.7 0 -5526.08
69.8 0 -5525.05
69.9 0 -5524.01
70 0 -5522.98
70.1 0 -5521.94
70.2 0 -5520.91
70.3 0 -5519.87
70.4 0 -5518.83
70.5 0 -5517.79
70.6 0 -5516.75
70.7 0 -5515.71
70.8 0 -5514.67
70.9 0 -5513.62
71 0 -5512.58
71.1 0 -5511.53
71.2 0 -5510.49
71.3 0 -5509.44
71.4 0 -5508.39
71.5 0 -5507.34
71.6 0 -5506.29
71.7 0 -5505.24
71.8 0 -5504.19
71.9 0 -5503.13
72 0 -5502.08
72.1 0 -5501.02
72.2 0 -5499.97
72.3 0 -5498.91
72.4 0 -5497.85
72.5 0 -5496.79
72.6 0 -5495.73
72.7 0 -5494.67
72.8 0 -5493.61
72.9 0 -5492.54
73 0 -5491.48
73.1 0 -5490.41
73.2 0 -5489.35
73.3 0 -5488.28
73.4 0 -5487.21
73.5 0 -5486.14
73.6 0 -5485.07
73.7 0 -5484
73.8 0 -5482.93
73.9 0 -5481.85
74 0 -5480.78
74.1 0 -5479.7
74.2 0 -5478.63
74.3 0 -5477.55
74.4 0 -5476.47
74.5 0 -5475.39
74.6 0 -5474.31
74.7 0 -5473.23
74.8 0 -5472.14
74.9 0 -5471.06
75 0 -5469.98
75.1 0 -5468.89
75.2 0 -5467.8
75.3 0 -5466.72
75.4 0 -5465.63
75.5 0 -5464.54
75.6 0 -5463.45
75.7 0 -5462.35
75.8 0 -5461.26
75.9 0 -5460.17
76 0 -5459.07
76.1 0 -5457.98
76.2 0 -5456.88
76.3 0 -5455.78
76.4 0 -5454.68
76.5 0 -5453.58
76.6 0 -5452.48
76.7 0 -5451.38
76.8 0 -5450.28
76.9 0 -5449.17
77 0 -5448.07
77.1 0 -5446.96
77.2 0 -5445.86
77.3 0 -5444.75
77.4 0 -5443.64
77.5 0 -5442.53
77.6 0 -5441.42
77.7 0 -5440.31
77.8 0 -5439.19
77.9 0 -5438.08
78 0 -5436.96
78.1 0 -5435.85
78.2 0 -5434.73
78.3 0 -5433.61
78.4 0 -5432.49
78.5 0 -5431.37
78.6 0 -5430.25
78.7 0 -5429.13
78.8 0 -5428.01
78.9 0 -5426.88
79 0 -5425.76
79.1 0 -5424.63
79.2 0 -5423.5
79.3 0 -5422.38
79.4 0 -5421.25
79.5 0 -5420.12
79.6 0 -5418.98
79.7 0 -5417.85
79.8 0 -5416.72
79.9 0 -5415.59
80 0 -5414.45
80.1 0 -5413.31
80.2 0 -5412.18
80.3 0 -5411.04
80.4 0 -5409.9
80.5 0 -5408.76
80.6 0 -5407.62
80.7 0 -5406.47
80.8 0 -5405.33
80.9 0 -5404.19
81 0 -5403.04
81.1 0 -5401.9
81.2 0 -5400.75
81.3 0 -5399.6
81.4 0 -5398.45
81.5 0 -5397.3
81.6 0 -5396.15
81.7 0 -5395
81.8 0 -5393.84
81.9 0 -5392.69
82 0 -5391.53
82.1 0 -5390.38
82.2 0 -5389.22
82.3 0 -5388.06
82.4 0 -5386.9
82.5 0 -5385.74
82.6 0 -5384.58
82.7 0 -5383.42
82.8 0 -5382.25
82.9 0 -5381.09
83 0 -5379.92
83.1 0 -5378.76
83.2 0 -5377.59
83.3 0 -5376.42
83.4 0 -5375.25
83.5 0 -5374.08
83.6 0 -5372.91
83.7 0 -5371.73
83.8 0 -5370.56
83.9 0 -5369.39
84 0 -5368.21
84.1 0 -5367.03
84.2 0 -5365.86
84.3 0 -5364.68
84.4 0 -5363.5
84.5 0 -5362.32
84.6 0 -5361.13
84.7 0 -5359.95
84.8 0 -5358.77
84.9 0 -5357.58
85 0 -5356.4
85.1 0 -5355.21
85.2 0 -5354.02
85.3 0 -5352.83
85.4 0 -5351.64
85.5 0 -5350.45
85.6 0 -5349.26
85.7 0 -5348.07
85.8 0 -5346.87
85.9 0 -5345.68
86 0 -5344.48
86.1 0 -5343.29
86.2 0 -5342.09
86.3 0 -5340.89
86.4 0 -5339.69
86.5 0 -5338.49
86.6 0 -5337.29
86.7 0 -5336.08
86.8 0 -5334.88
86.9 0 -5333.68
87 0 -5332.47
87.1 0 -5331.26
87.2 0 -5330.05
87.3 0 -5328.84
87.4 0 -5327.63
87.5 0 -5326.42
87.6 0 -5325.21
87.7 0 -5324
87.8 0 -5322.78
87.9 0 -5321.57
88 0 -5320.35
88.1 0 -5319.14
88.2 0 -5317.92
88.3 0 -5316.7
88.4 0 -5315.48
88.5 0 -5314.26
88.6 0 -5313.03
88.7 0 -5311.81
88.8 0 -5310.59
88.9 0 -5309.36
89 0 -5308.14
89.1 0 -5306.91
89.2 0 -5305.68
89.3 0 -5304.45
89.4 0 -5303.22
89.5 0 -5301.99
89.6 0 -5300.76
89.7 0 -5299.52
89.8 0 -5298.29
89.9 0 -5297.05
90 0 -5295.82
90.1 0 -5294.58
90.2 0 -5293.34
90.3 0 -5292.1
90.4 0 -5290.86
90.5 0 -5289.62
90.6 0 -5288.38
90.7 0 -5287.13
90.8 0 -5285.89
90.9 0 -5284.64
91 0 -5283.4
91.1 0 -5282.15
91.2 0 -5280.9
91.3 0 -5279.65
91.4 0 -5278.4
91.5 0 -5277.15
91.6 0 -5275.9
91.7 0 -5274.64
91.8 0 -5273.39
91.9 0 -5272.13
92 0 -5270.88
92.1 0 -5269.62
92.2 0 -5268.36
92.3 0 -5267.1
92.4 0 -5265.84
92.5 0 -5264.58
92.6 0 -5263.31
92.7 0 -5262.05
92.8 0 -5260.79
92.9 0 -5259.52
93 0 -5258.25
93.1 0 -5256.99
93.2 0 -5255.72
93.3 0 -5254.45
93.4 0 -5253.18
93.5 0 -5251.9
93.6 0 -5250.63
93.7 0 -5249.36
93.8 0 -5248.08
93.9 0 -5246.81
94 0 -5245.53
94.1 0 -5244.25
94.2 0 -5242.97
94.3 0 -5241.69
94.4 0 -5240.41
94.5 0 -5239.13
94.6 0 -5237.85
94.7 0 -5236.56
94.8 0 -5235.28
94.9 0 -5233.99
95 0 -5232.7
95.1 0 -5231.42
95.2 0 -5230.13
95.3 0 -5228.84
95.4 0 -5227.55
95.5 0 -5226.25
95.6 0 -5224.96
95.7 0 -5223.67
95.8 0 -5222.37
95.9 0 -5221.08
96 0 -5219.78
96.1 0 -5218.48
96.2 0 -5217.18
96.3 0 -5215.88
96.4 0 -5214.58
96.5 0 -5213.28
96.6 0 -5211.97
96.7 0 -5210.67
96.8 0 -5209.36
96.9 0 -5208.06
97 0 -5206.75
97.1 0 -5205.44
97.2 0 -5204.13
97.3 0 -5202.82
97.4 0 -5201.51
97.5 0 -5200.2
97.6 0 -5198.88
97.7 0 -5197.57
97.8 0 -5196.25
97.9 0 -5194.94
98 0 -5193.62
98.1 0 -5192.3
98.2 0 -5190.98
98.3 0 -5189.66
98.4 0 -5188.34
98.5 0 -5187.02
98.6 0 -5185.69
98.7 0 -5184.37
98.8 0 -5183.04
98.9 0 -5181.72
99 0 -5180.39
99.1 0 -5179.06
99.2 0 -5177.73
99.3 0 -5176.4
99.4 0 -5175.07
99.5 0 -5173.74
99.6 0 -5172.4
99.7 0 -5171.07
99.8 0 -5169.73
99.9 0 -5168.4
100 0 -5167.06
100.1 0 -5165.72
100.2 0 -5164.38
100.3 0 -5163.04
100.4 0 -5161.7
100.5 0 -5160.35
100.6 0 -5159.01
100.7 0 -5157.66
100.8 0 -5156.32
100.9 0 -5154.97
101 0 -5153.62
101.1 0 -5152.27
101.2 0 -5150.92
101.3 0 -5149.57
101.4 0 -5148.22
101.5 0 -5146.87
101.6 0 -5145.51
101.7 0 -5144.16
101.8 0 -5142.8
101.9 0 -5141.45
102 0 -5140.09
102.1 0 -5138.73
102.2 0 -5137.37
102.3 0 -5136.01
102.4 0 -5134.65
102.5 0 -5133.28
102.6 0 -5131.92
102.7 0 -5130.55
102.8 0 -5129.19
102.9 0 -5127.82
103 0 -5126.45
103.1 0 -5125.08
103.2 0 -5123.71
103.3 0 -5122.34
103.4 0 -5120.97
103.5 0 -5119.59
103.6 0 -5118.22
103.7 0 -5116.84
103.8 0 -5115.47
103.9 0 -5114.09
104 0 -5112.71
104.1 0 -5111.33
104.2 0 -5109.95
104.3 0 -5108.57
104.4 0 -5107.19
104.5 0 -5105.81
104.6 0 -5104.42
104.7 0 -5103.04
104.8 0 -5101.65
104.9 0 -5100.26
105 0 -5098.87
105.1 0 -5097.48
105.2 0 -5096.09
105.3 0 -5094.7
105.4 0 -5093.31
105.5 0 -5091.91
105.6 0 -5090.52
105.7 0 -5089.12
105.8 0 -5087.73
105.9 0 -5086.33
106 0 -5084.93
106.1 0 -5083.53
106.2 0 -5082.13
106.3 0 -5080.73
106.4 0 -5079.33
106.5 0 -5077.92
106.6 0 -5076.52
106.7 0 -5075.11
106.8 0 -5073.7
106.9 0 -5072.3
107 0 -5070.89
107.1 0 -5069.48
107.2 0 -5068.07
107.3 0 -5066.65
107.4 0 -5065.24
107.5 0 -5063.83
107.6 0 -5062.41
107.7 0 -5061
107.8 0 -5059.58
107.9 0 -5058.16
108 0 -5056.74
108.1 0 -5055.32
108.2 0 -5053.9
108.3 0 -5052.48
108.4 0 -5051.06
108.5 0 -5049.63
108.6 0 -5048.21
108.7 0 -5046.78
108.8 0 -5045.35
108.9 0 -5043.92
109 0 -5042.5
109.1 0 -5041.07
109.2 0 -5039.63
109.3 0 -5038.2
109.4 0 -5036.77
109.5 0 -5035.33
109.6 0 -5033.9
109.7 0 -5032.46
109.8 0 -5031.02
109.9 0 -5029.59
110 0 -5028.15
110.1 0 -5026.71
110.2 0 -5025.26
110.3 0 -5023.82
110.4 0 -5022.38
110.5 0 -5020.93
110.6 0 -5019.49
110.7 0 -5018.04
110.8 0 -5016.59
110.9 0 -5015.15
111 0 -5013.7
111.1 0 -5012.25
111.2 0 -5010.79
111.3 0 -5009.34
111.4 0 -5007.89
111.5 0 -5006.43
111.6 0 -5004.98
111.7 0 -5003.52
111.8 0 -5002.06
111.9 0 -5000.6
112 0 -4999.14
112.1 0 -4997.68
112.2 0 -4996.22
112.3 0 -4994.76
112.4 0 -4993.29
112.5 0 -4991.83
112.6 0 -4990.36
112.7 0 -4988.9
112.8 0 -4987.43
112.9 0 -4985.96
113 0 -4984.49
113.1 0 -4983.02
113.2 0 -4981.55
113.3 0 -4980.07
113.4 0 -4978.6
113.5 0 -4977.13
113.6 0 -4975.65
113.7 0 -4974.17
113.8 0 -4972.69
113.9 0 -4971.21
114 0 -4969.73
114.1 0 -4968.25
114.2 0 -4966.77
114.3 0 -4965.29
114.4 0 -4963.8
114.5 0 -4962.32
114.6 0 -4960.83
114.7 0 -4959.34
114.8 0 -4957.86
114.9 0 -4956.37
115 0 -4954.88
115.1 0 -4953.39
115.2 0 -4951.89
115.3 0 -4950.4
115.4 0 -4948.9
115.5 0 -4947.41
115.6 0 -4945.91
115.7 0 -4944.42
115.8 0 -4942.92
115.9 0 -4941.42
116 0 -4939.92
116.1 0 -4938.42
116.2 0 -4936.91
116.3 0 -4935.41
116.4 0 -4933.9
116.5 0 -4932.4
116.6 0 -4930.89
116.7 0 -4929.38
116.8 0 -4927.88
116.9 0 -4926.37
117 0 -4924.86
117.1 0 -4923.34
117.2 0 -4921.83
117.3 0 -4920.32
117.4 0 -4918.8
117.5 0 -4917.29
117.6 0 -4915.77
117.7 0 -4914.25
117.8 0 -4912.73
117.9 0 -4911.21
118 0 -4909.69
118.1 0 -4908.17
118.2 0 -4906.65
118.3 0 -4905.12
118.4 0 -4903.6
118.5 0 -4902.07
118.6 0 -4900.54
118.7 0 -4899.02
118.8 0 -4897.49
118.9 0 -4895.96
119 0 -4894.43
119.1 0 -4892.89
119.2 0 -4891.36
119.3 0 -4889.83
119.4 0 -4888.29
119.5 0 -4886.76
119.6 0 -4885.22
119.7 0 -4883.68
119.8 0 -4882.14
119.9 0 -4880.6
120 0 -4879.06
120.1 0 -4877.52
120.2 0 -4875.97
120.3 0 -4874.43
120.4 0 -4872.88
120.5 0 -4871.34
120.6 0 -4869.79
120.7 0 -4868.24
120.8 0 -4866.69
120.9 0 -4865.14
121 0 -4863.59
121.1 0 -4862.04
121.2 0 -4860.48
121.3 0 -4858.93
121.4 0 -4857.37
121.5 0 -4855.82
121.6 0 -4854.26
121.7 0 -4852.7
121.8 0 -4851.14
121.9 0 -4849.58
122 0 -4848.02
122.1 0 -4846.45
122.2 0 -4844.89
122.3 0 -4843.33
122.4 0 -4841.76
122.5 0 -4840.19
122.6 0 -4838.63
122.7 0 -4837.06
122.8 0 -4835.49
122.9 0 -4833.92
123 0 -4832.34
123.1 0 -4830.77
123.2 0 -4829.2
123.3 0 -4827.62
123.4 0 -4826.05
123.5 0 -4824.47
123.6 0 -4822.89
123.7 0 -4821.31
123.8 0 -4819.73
123.9 0 -4818.15
124 0 -4816.57
124.1 0 -4814.98
124.2 0 -4813.4
124.3 0 -4811.81
124.4 0 -4810.23
124.5 0 -4808.64
124.6 0 -4807.05
124.7 0 -4805.46
124.8 0 -4803.87
124.9 0 -4802.28
125 0 -4800.69
125.1 0 -4799.1
125.2 0 -4797.5
125.3 0 -4795.91
125.4 0 -4794.31
125.5 0 -4792.71
125.6 0 -4791.11
125.7 0 -4789.51
125.8 0 -4787.91
125.9 0 -4786.31
126 0 -4784.71
126.1 0 -4783.11
126.2 0 -4781.5
126.3 0 -4779.89
126.4 0 -4778.29
126.5 0 -4776.68
126.6 0 -4775.07
126.7 0 -4773.46
126.8 0 -4771.85
126.9 0 -4770.24
127 0 -4768.63
127.1 0 -4767.01
127.2 0 -4765.4
127.3 0 -4763.78
127.4 0 -4762.16
127.5 0 -4760.55
127.6 0 -4758.93
127.7 0 -4757.31
127.8 0 -4755.69
127.9 0 -4754.06
128 0 -4752.44
128.1 0 -4750.82
128.2 0 -4749.19
128.3 0 -4747.57
128.4 0 -4745.94
128.5 0 -4744.31
128.6 0 -4742.68
128.7 0 -4741.05
128.8 0 -4739.42
128.9 0 -4737.79
129 0 -4736.15
129.1 0 -4734.52
129.2 0 -4732.88
129.3 0 -4731.25
129.4 0 -4729.61
129.5 0 -4727.97
129.6 0 -4726.33
129.7 0 -4724.69
129.8 0 -4723.05
129.9 0 -4721.41
130 0 -4719.76
130.1 0 -4718.12
130.2 0 -4716.47
130.3 0 -4714.83
130.4 0 -4713.18
130.5 0 -4711.53
130.6 0 -4709.88
130.7 0 -4708.23
130.8 0 -4706.58
130.9 0 -4704.93
131 0 -4703.27
131.1 0 -4701.62
131.2 0 -4699.96
131.3 0 -4698.31
131.4 0 -4696.65
131.5 0 -4694.99
131.6 0 -4693.33
131.7 0 -4691.67
131.8 0 -4690.01
131.9 0 -4688.34
132 0 -4686.68
132.1 0 -4685.01
132.2 0 -4683.35
132.3 0 -4681.68
132.4 0 -4680.01
132.5 0 -4678.34
132.6 0 -4676.67
132.7 0 -4675
132.8 0 -4673.33
132.9 0 -4671.66
133 0 -4669.98
133.1 0 -4668.31
133.2 0 -4666.63
133.3 0 -4664.95
133.4 0 -4663.27
133.5 0 -4661.6
133.6 0 -4659.91
133.7 0 -4658.23
133.8 0 -4656.55
133.9 0 -4654.87
134 0 -4653.18
134.1 0 -4651.5
134.2 0 -4649.81
134.3 0 -4648.12
134.4 0 -4646.43
134.5 0 -4644.74
134.6 0 -4643.05
134.7 0 -4641.36
134.8 0 -4639.67
134.9 0 -4637.98
135 0 -4636.28
135.1 0 -4634.59
135.2 0 -4632.89
135.3 0 -4631.19
135.4 0 -4629.49
135.5 0 -4627.79
135.6 0 -4626.09
135.7 0 -4624.39
135.8 0 -4622.69
135.9 0 -4620.98
136 0 -4619.28
136.1 0 -4617.57
136.2 0 -4615.86
136.3 0 -4614.16
136.4 0 -4612.45
136.5 0 -4610.74
136.6 0 -4609.03
136.7 0 -4607.31
136.8 0 -4605.6
136.9 0 -4603.89
137 0 -4602.17
137.1 0 -4600.45
137.2 0 -4598.74
137.3 0 -4597.02
137.4 0 -4595.3
137.5 0 -4593.58
137.6 0 -4591.86
137.7 0 -4590.13
137.8 0 -4588.41
137.9 0 -4586.69
138 0 -4584.96
138.1 0 -4583.23
138.2 0 -4581.51
138.3 0 -4579.78
138.4 0 -4578.05
138.5 0 -4576.32
138.6 0 -4574.59
138.7 0 -4572.85
138.8 0 -4571.12
138.9 0 -4569.38
139 0 -4567.65
139.1 0 -4565.91
139.2 0 -4564.17
139.3 0 -4562.44
139.4 0 -4560.7
139.5 0 -4558.95
139.6 0 -4557.21
139.7 0 -4555.47
139.8 0 -4553.73
139.9 0 -4551.98
140 0 -4550.23
140.1 0 -4548.49
140.2 0 -4546.74
140.3 0 -4544.99
140.4 0 -4543.24
140.5 0 -4541.49
140.6 0 -4539.74
140.7 0 -4537.98
140.8 0 -4536.23
140.9 0 -4534.47
141 0 -4532.72
141.1 0 -4530.96
141.2 0 -4529.2
141.3 0 -4527.44
141.4 0 -4525.68
141.5 0 -4523.92
141.6 0 -4522.16
141.7 0 -4520.39
141.8 0 -4518.63
141.9 0 -4516.86
142 0 -4515.1
142.1 0 -4513.33
142.2 0 -4511.56
142.3 0 -4509.79
142.4 0 -4508.02
142.5 0 -4506.25
142.6 0 -4504.48
142.7 0 -4502.7
142.8 0 -4500.93
142.9 0 -4499.15
143 0 -4497.37
143.1 0 -4495.6
143.2 0 -4493.82
143.3 0 -4492.04
143.4 0 -4490.26
143.5 0 -4488.47
143.6 0 -4486.69
143.7 0 -4484.91
143.8 0 -4483.12
143.9 0 -4481.34
144 0 -4479.55
144.1 0 -4477.76
144.2 0 -4475.97
144.3 0 -4474.18
144.4 0 -4472.39
144.5 0 -4470.6
144.6 0 -4468.8
144.7 0 -4467.01
144.8 0 -4465.21
144.9 0 -4463.42
145 0 -4461.62
145.1 0 -4459.82
145.2 0 -4458.02
145.3 0 -4456.22
145.4 0 -4454.42
145.5 0 -4452.62
145.6 0 -4450.81
145.7 0 -4449.01
145.8 0 -4447.2
145.9 0 -4445.4
146 0 -4443.59
146.1 0 -4441.78
146.2 0 -4439.97
146.3 0 -4438.16
146.4 0 -4436.35
146.5 0 -4434.54
146.6 0 -4432.72
146.7 0 -4430.91
146.8 0 -4429.09
146.9 0 -4427.27
147 0 -4425.46
147.1 0 -4423.64
147.2 0 -4421.82
147.3 0 -4419.99
147.4 0 -4418.17
147.5 0 -4416.35
147.6 0 -4414.53
147.7 0 -4412.7
147.8 0 -4410.87
147.9 0 -4409.05
148 0 -4407.22
148.1 0 -4405.39
148.2 0 -4403.56
148.3 0 -4401.73
148.4 0 -4399.89
148.5 0 -4398.06
148.6 0 -4396.23
148.7 0 -4394.39
148.8 0 -4392.55
148.9 0 -4390.72
149 0 -4388.88
149.1 0 -4387.04
149.2 0 -4385.2
149.3 0 -4383.36
149.4 0 -4381.51
149.5 0 -4379.67
149.6 0 -4377.82
149.7 0 -4375.98
149.8 0 -4374.13
149.9 0 -4372.28
150 0 -4370.44
150.1 0 -4368.59
150.2 0 -4366.73
150.3 0 -4364.88
150.4 0 -4363.03
150.5 0 -4361.18
150.6 0 -4359.32
150.7 0 -4357.46
150.8 0 -4355.61
150.9 0 -4353.75
151 0 -4351.89
151.1 0 -4350.03
151.2 0 -4348.17
151.3 0 -4346.31
151.4 0 -4344.44
151.5 0 -4342.58
151.6 0 -4340.71
151.7 0 -4338.85
151.8 0 -4336.98
151.9 0 -4335.11
152 0 -4333.24
152.1 0 -4331.37
152.2 0 -4329.5
152.3 0 -4327.63
152.4 0 -4325.75
152.5 0 -4323.88
152.6 0 -4322
152.7 0 -4320.12
152.8 0 -4318.25
152.9 0 -4316.37
153 0 -4314.49
153.1 0 -4312.61
153.2 0 -4310.72
153.3 0 -4308.84
153.4 0 -4306.96
153.5 0 -4305.07
153.6 0 -4303.19
153.7 0 -4301.3
153.8 0 -4299.41
153.9 0 -4297.52
154 0 -4295.63
154.1 0 -4293.74
154.2 0 -4291.85
154.3 0 -4289.96
154.4 0 -4288.06
154.5 0 -4286.17
154.6 0 -4284.27
154.7 0 -4282.37
154.8 0 -4280.47
154.9 0 -4278.57
155 0 -4276.67
155.1 0 -4274.77
155.2 0 -4272.87
155.3 0 -4270.97
155.4 0 -4269.06
155.5 0 -4267.16
155.6 0 -4265.25
155.7 0 -4263.34
155.8 0 -4261.43
155.9 0 -4259.52
156 0 -4257.61
156.1 0 -4255.7
156.2 0 -4253.79
156.3 0 -4251.87
156.4 0 -4249.96
156.5 0 -4248.04
156.6 0 -4246.13
156.7 0 -4244.21
156.8 0 -4242.29
156.9 0 -4240.37
157 0 -4238.45
157.1 0 -4236.52
157.2 0 -4234.6
157.3 0 -4232.68
157.4 0 -4230.75
157.5 0 -4228.83
157.6 0 -4226.9
157.7 0 -4224.97
157.8 0 -4223.04
157.9 0 -4221.11
158 0 -4219.18
158.1 0 -4217.25
158.2 0 -4215.31
158.3 0 -4213.38
158.4 0 -4211.44
158.5 0 -4209.51
158.6 0 -4207.57
158.7 0 -4205.63
158.8 0 -4203.69
158.9 0 -4201.75
159 0 -4199.81
159.1 0 -4197.86
159.2 0 -4195.92
159.3 0 -4193.98
159.4 0 -4192.03
159.5 0 -4190.08
159.6 0 -4188.13
159.7 0 -4186.19
159.8 0 -4184.24
159.9 0 -4182.28
160 0 -4180.33
160.1 0 -4178.38
160.2 0 -4176.42
160.3 0 -4174.47
160.4 0 -4172.51
160.5 0 -4170.56
160.6 0 -4168.6
160.7 0 -4166.64
160.8 0 -4164.68
160.9 0 -4162.72
161 0 -4160.75
161.1 0 -4158.79
161.2 0 -4156.83
161.3 0 -4154.86
161.4 0 -4152.89
161.5 0 -4150.93
161.6 0 -4148.96
161.7 0 -4146.99
161.8 0 -4145.02
161.9 0 -4143.04
162 0 -4141.07
162.1 0 -4139.1
162.2 0 -4137.12
162.3 0 -4135.15
162.4 0 -4133.17
162.5 0 -4131.19
162.6 0 -4129.21
162.7 0 -4127.23
162.8 0 -4125.25
162.9 0 -4123.27
163 0 -4121.29
163.1 0 -4119.3
163.2 0 -4117.32
163.3 0 -4115.33
163.4 0 -4113.34
163.5 0 -4111.36
163.6 0 -4109.37
163.7 0 -4107.38
163.8 0 -4105.38
163.9 0 -4103.39
164 0 -4101.4
164.1 0 -4099.4
164.2 0 -4097.41
164.3 0 -4095.41
164.4 0 -4093.41
164.5 0 -4091.41
164.6 0 -4089.41
164.7 0 -4087.41
164.8 0 -4085.41
164.9 0 -4083.41
165 0 -4081.41
165.1 0 -4079.4
165.2 0 -4077.39
165.3 0 -4075.39
165.4 0 -4073.38
165.5 0 -4071.37
165.6 0 -4069.36
165.7 0 -4067.35
165.8 0 -4065.34
165.9 0 -4063.32
166 0 -4061.31
166.1 0 -4059.29
166.2 0 -4057.28
166.3 0 -4055.26
166.4 0 -4053.24
166.5 0 -4051.22
166.6 0 -4049.2
166.7 0 -4047.18
166.8 0 -4045.16
166.9 0 -4043.13
167 0 -4041.11
167.1 0 -4039.08
167.2 0 -4037.06
167.3 0 -4035.03
167.4 0 -4033
167.5 0 -4030.97
167.6 0 -4028.94
167.7 0 -4026.91
167.8 0 -4024.88
167.9 0 -4022.84
168 0 -4020.81
168.1 0 -4018.77
168.2 0 -4016.73
168.3 0 -4014.7
168.4 0 -4012.66
168.5 0 -4010.62
168.6 0 -4008.57
168.7 0 -4006.53
168.8 0 -4004.49
168.9 0 -4002.44
169 0 -4000.4
169.1 0 -3998.35
169.2 0 -3996.31
169.3 0 -3994.26
169.4 0 -3992.21
169.5 0 -3990.16
169.6 0 -3988.11
169.7 0 -3986.05
169.8 0 -3984
169.9 0 -3981.94
170 0 -3979.89
170.1 0 -3977.83
170.2 0 -3975.77
170.3 0 -3973.71
170.4 0 -3971.66
170.5 0 -3969.59
170.6 0 -3967.53
170.7 0 -3965.47
170.8 0 -3963.41
170.9 0 -3961.34
171 0 -3959.27
171.1 0 -3957.21
171.2 0 -3955.14
171.3 0 -3953.07
171.4 0 -3951
171.5 0 -3948.93
171.6 0 -3946.86
171.7 0 -3944.78
171.8 0 -3942.71
171.9 0 -3940.63
172 0 -3938.56
172.1 0 -3936.48
172.2 0 -3934.4
172.3 0 -3932.32
172.4 0 -3930.24
172.5 0 -3928.16
172.6 0 -3926.07
172.7 0 -3923.99
172.8 0 -3921.91
172.9 0 -3919.82
173 0 -3917.73
173.1 0 -3915.65
173.2 0 -3913.56
173.3 0 -3911.47
173.4 0 -3909.38
173.5 0 -3907.28
173.6 0 -3905.19
173.7 0 -3903.1
173.8 0 -3901
173.9 0 -3898.9
174 0 -3896.81
174.1 0 -3894.71
174.2 0 -3892.61
174.3 0 -3890.51
174.4 0 -3888.41
174.5 0 -3886.3
174.6 0 -3884.2
174.7 0 -3882.1
174.8 0 -3879.99
174.9 0 -3877.88
175 0 -3875.78
175.1 0 -3873.67
175.2 0 -3871.56
175.3 0 -3869.45
175.4 0 -3867.34
175.5 0 -3865.22
175.6 0 -3863.11
175.7 0 -3860.99
175.8 0 -3858.88
175.9 0 -3856.76
176 0 -3854.64
176.1 0 -3852.52
176.2 0 -3850.4
176.3 0 -3848.28
176.4 0 -3846.16
176.5 0 -3844.04
176.6 0 -3841.91
176.7 0 -3839.79
176.8 0 -3837.66
176.9 0 -3835.53
177 0 -3833.4
177.1 0 -3831.27
177.2 0 -3829.14
177.3 0 -3827.01
177.4 0 -3824.88
177.5 0 -3822.75
177.6 0 -3820.61
177.7 0 -3818.48
177.8 0 -3816.34
177.9 0 -3814.2
178 0 -3812.06
178.1 0 -3809.92
178.2 0 -3807.78
178.3 0 -3805.64
178.4 0 -3803.5
178.5 0 -3801.35
178.6 0 -3799.21
178.7 0 -3797.06
178.8 0 -3794.91
178.9 0 -3792.77
179 0 -3790.62
179.1 0 -3788.47
179.2 0 -3786.31
179.3 0 -3784.16
179.4 0 -3782.01
179.5 0 -3779.85
179.6 0 -3777.7
179.7 0 -3775.54
179.8 0 -3773.38
179.9 0 -3771.22
180 0 -3769.07
180.1 0 -3766.9
180.2 0 -3764.74
180.3 0 -3762.58
180.4 0 -3760.42
180.5 0 -3758.25
180.6 0 -3756.08
180.7 0 -3753.92
180.8 0 -3751.75
180.9 0 -3749.58
181 0 -3747.41
181.1 0 -3745.24
181.2 0 -3743.07
181.3 0 -3740.89
181.4 0 -3738.72
181.5 0 -3736.54
181.6 0 -3734.37
181.7 0 -3732.19
181.8 0 -3730.01
181.9 0 -3727.83
182 0 -3725.65
182.1 0 -3723.47
182.2 0 -3721.29
182.3 0 -3719.1
182.4 0 -3716.92
182.5 0 -3714.73
182.6 0 -3712.55
182.7 0 -3710.36
182.8 0 -3708.17
182.9 0 -3705.98
183 0 -3703.79
183.1 0 -3701.6
183.2 0 -3699.4
183.3 0 -3697.21
183.4 0 -3695.01
183.5 0 -3692.82
183.6 0 -3690.62
183.7 0 -3688.42
183.8 0 -3686.22
183.9 0 -3684.02
184 0 -3681.82
184.1 0 -3679.62
184.2 0 -3677.41
184.3 0 -3675.21
184.4 0 -3673
184.5 0 -3670.8
184.6 0 -3668.59
184.7 0 -3666.38
184.8 0 -3664.17
184.9 0 -3661.96
185 0 -3659.75
185.1 0 -3657.54
185.2 0 -3655.32
185.3 0 -3653.11
185.4 0 -3650.89
185.5 0 -3648.67
185.6 0 -3646.46
185.7 0 -3644.24
185.8 0 -3642.02
185.9 0 -3639.79
186 0 -3637.57
186.1 0 -3635.35
186.2 0 -3633.12
186.3 0 -3630.9
186.4 0 -3628.67
186.5 0 -3626.44
186.6 0 -3624.22
186.7 0 -3621.99
186.8 0 -3619.76
186.9 0 -3617.52
187 0 -3615.29
187.1 0 -3613.06
187.2 0 -3610.82
187.3 0 -3608.59
187.4 0 -3606.35
187.5 0 -3604.11
187.6 0 -3601.87
187.7 0 -3599.63
187.8 0 -3597.39
187.9 0 -3595.15
188 0 -3592.91
188.1 0 -3590.66
188.2 0 -3588.42
188.3 0 -3586.17
188.4 0 -3583.92
188.5 0 -3581.67
188.6 0 -3579.42
188.7 0 -3577.17
188.8 0 -3574.92
188.9 0 -3572.67
189 0 -3570.42
189.1 0 -3568.16
189.2 0 -3565.91
189.3 0 -3563.65
189.4 0 -3561.39
189.5 0 -3559.13
189.6 0 -3556.87
189.7 0 -3554.61
189.8 0 -3552.35
189.9 0 -3550.09
190 0 -3547.82
190.1 0 -3545.56
190.2 0 -3543.29
190.3 0 -3541.02
190.4 0 -3538.75
190.5 0 -3536.48
190.6 0 -3534.21
190.7 0 -3531.94
190.8 0 -3529.67
190.9 0 -3527.4
191 0 -3525.12
191.1 0 -3522.85
191.2 0 -3520.57
191.3 0 -3518.29
191.4 0 -3516.01
191.5 0 -3513.73
191.6 0 -3511.45
191.7 0 -3509.17
191.8 0 -3506.89
191.9 0 -3504.6
192 0 -3502.32
192.1 0 -3500.03
192.2 0 -3497.74
192.3 0 -3495.46
192.4 0 -3493.17
192.5 0 -3490.88
192.6 0 -3488.59
192.7 0 -3486.29
192.8 0 -3484
192.9 0 -3481.71
193 0 -3479.41
193.1 0 -3477.11
193.2 0 -3474.82
193.3 0 -3472.52
193.4 0 -3470.22
193.5 0 -3467.92
193.6 0 -3465.61
193.7 0 -3463.31
193.8 0 -3461.01
193.9 0 -3458.7
194 0 -3456.4
194.1 0 -3454.09
194.2 0 -3451.78
194.3 0 -3449.47
194.4 0 -3447.16
194.5 0 -3444.85
194.6 0 -3442.54
194.7 0 -3440.22
194.8 0 -3437.91
194.9 0 -3435.59
195 0 -3433.28
195.1 0 -3430.96
195.2 0 -3428.64
195.3 0 -3426.32
195.4 0 -3424
195.5 0 -3421.68
195.6 0 -3419.36
195.7 0 -3417.03
195.8 0 -3414.71
195.9 0 -3412.38
196 0 -3410.06
196.1 0 -3407.73
196.2 0 -3405.4
196.3 0 -3403.07
196.4 0 -3400.74
196.5 0 -3398.4
196.6 0 -3396.07
196.7 0 -3393.74
196.8 0 -3391.4
196.9 0 -3389.06
197 0 -3386.73
197.1 0 -3384.39
197.2 0 -3382.05
197.3 0 -3379.71
197.4 0 -3377.37
197.5 0 -3375.02
197.6 0 -3372.68
197.7 0 -3370.34
197.8 0 -3367.99
197.9 0 -3365.64
198 0 -3363.29
198.1 0 -3360.95
198.2 0 -3358.6
198.3 0 -3356.24
198.4 0 -3353.89
198.5 0 -3351.54
198.6 0 -3349.18
198.7 0 -3346.83
198.8 0 -3344.47
198.9 0 -3342.12
199 0 -3339.76
199.1 0 -3337.4
199.2 0 -3335.04
199.3 0 -3332.67
199.4 0 -3330.31
199.5 0 -3327.95
199.6 0 -3325.58
199.7 0 -3323.22
199.8 0 -3320.85
199.9 0 -3318.48
200 0 -3316.11
200.1 0 -3313.74
200.2 0 -3311.37
200.3 0 -3309
200.4 0 -3306.63
200.5 0 -3304.25
200.6 0 -3301.88
200.7 0 -3299.5
200.8 0 -3297.12
200.9 0 -3294.75
201 0 -3292.37
201.1 0 -3289.99
201.2 0 -3287.6
201.3 0 -3285.22
201.4 0 -3282.84
201.5 0 -3280.45
201.6 0 -3278.07
201.7 0 -3275.68
201.8 0 -3273.29
201.9 0 -3270.9
202 0 -3268.51
202.1 0 -3266.12
202.2 0 -3263.73
202.3 0 -3261.34
202.4 0 -3258.94
202.5 0 -3256.55
202.6 0 -3254.15
202.7 0 -3251.75
202.8 0 -3249.35
202.9 0 -3246.95
203 0 -3244.55
203.1 0 -3242.15
203.2 0 -3239.75
203.3 0 -3237.35
203.4 0 -3234.94
203.5 0 -3232.54
203.6 0 -3230.13
203.7 0 -3227.72
203.8 0 -3225.31
203.9 0 -3222.9
204 0 -3220.49
204.1 0 -3218.08
204.2 0 -3215.67
204.3 0 -3213.25
204.4 0 -3210.84
204.5 0 -3208.42
204.6 0 -3206
204.7 0 -3203.58
204.8 0 -3201.16
204.9 0 -3198.74
205 0 -3196.32
205.1 0 -3193.9
205.2 0 -3191.48
205.3 0 -3189.05
205.4 0 -3186.63
205.5 0 -3184.2
205.6 0 -3181.77
205.7 0 -3179.34
205.8 0 -3176.91
205.9 0 -3174.48
206 0 -3172.05
206.1 0 -3169.62
206.2 0 -3167.18
206.3 0 -3164.75
206.4 0 -3162.31
206.5 0 -3159.87
206.6 0 -3157.43
206.7 0 -3154.99
206.8 0 -3152.55
206.9 0 -3150.11
207 0 -3147.67
207.1 0 -3145.23
207.2 0 -3142.78
207.3 0 -3140.33
207.4 0 -3137.89
207.5 0 -3135.44
207.6 0 -3132.99
207.7 0 -3130.54
207.8 0 -3128.09
207.9 0 -3125.64
208 0 -3123.18
208.1 0 -3120.73
208.2 0 -3118.27
208.3 0 -3115.82
208.4 0 -3113.36
208.5 0 -3110.9
208.6 0 -3108.44
208.7 0 -3105.98
208.8 0 -3103.52
208.9 0 -3101.06
209 0 -3098.59
209.1 0 -3096.13
209.2 0 -3093.66
209.3 0 -3091.2
209.4 0 -3088.73
209.5 0 -3086.26
209.6 0 -3083.79
209.7 0 -3081.32
209.8 0 -3078.85
209.9 0 -3076.37
210 0 -3073.9
210.1 0 -3071.42
210.2 0 -3068.95
210.3 0 -3066.47
210.4 0 -3063.99
210.5 0 -3061.51
210.6 0 -3059.03
210.7 0 -3056.55
210.8 0 -3054.07
210.9 0 -3051.58
211 0 -3049.1
211.1 0 -3046.61
211.2 0 -3044.12
211.3 0 -3041.64
211.4 0 -3039.15
211.5 0 -3036.66
211.6 0 -3034.17
211.7 0 -3031.67
211.8 0 -3029.18
211.9 0 -3026.69
212 0 -3024.19
212.1 0 -3021.69
212.2 0 -3019.2
212.3 0 -3016.7
212.4 0 -3014.2
212.5 0 -3011.7
212.6 0 -3009.2
212.7 0 -3006.69
212.8 0 -3004.19
212.9 0 -3001.68
213 0 -2999.18
213.1 0 -2996.67
213.2 0 -2994.16
213.3 0 -2991.65
213.4 0 -2989.14
213.5 0 -2986.63
213.6 0 -2984.12
213.7 0 -2981.61
213.8 0 -2979.09
213.9 0 -2976.58
214 0 -2974.06
214.1 0 -2971.54
214.2 0 -2969.02
214.3 0 -2966.5
214.4 0 -2963.98
214.5 0 -2961.46
214.6 0 -2958.94
214.7 0 -2956.41
214.8 0 -2953.89
214.9 0 -2951.36
215 0 -2948.84
215.1 0 -2946.31
215.2 0 -2943.78
215.3 0 -2941.25
215.4 0 -2938.72
215.5 0 -2936.18
215.6 0 -2933.65
215.7 0 -2931.12
215.8 0 -2928.58
215.9 0 -2926.04
216 0 -2923.51
216.1 0 -2920.97
216.2 0 -2918.43
216.3 0 -2915.89
216.4 0 -2913.35
216.5 0 -2910.8
216.6 0 -2908.26
216.7 0 -2905.71
216.8 0 -2903.17
216.9 0 -2900.62
217 0 -2898.07
217.1 0 -2895.52
217.2 0 -2892.97
217.3 0 -2890.42
217.4 0 -2887.87
217.5 0 -2885.31
217.6 0 -2882.76
217.7 0 -2880.2
217.8 0 -2877.65
217.9 0 -2875.09
218 0 -2872.53
218.1 0 -2869.97
218.2 0 -2867.41
218.3 0 -2864.85
218.4 0 -2862.28
218.5 0 -2859.72
218.6 0 -2857.15
218.7 0 -2854.59
218.8 0 -2852.02
218.9 0 -2849.45
219 0 -2846.88
219.1 0 -2844.31
219.2 0 -2841.74
219.3 0 -2839.17
219.4 0 -2836.59
219.5 0 -2834.02
219.6 0 -2831.44
219.7 0 -2828.87
219.8 0 -2826.29
219.9 0 -2823.71
220 0 -2821.13
220.1 0 -2818.55
220.2 0 -2815.97
220.3 0 -2813.38
220.4 0 -2810.8
220.5 0 -2808.21
220.6 0 -2805.63
220.7 0 -2803.04
220.8 0 -2800.45
220.9 0 -2797.86
221 0 -2795.27
221.1 0 -2792.68
221.2 0 -2790.09
221.3 0 -2787.49
221.4 0 -2784.9
221.5 0 -2782.3
221.6 0 -2779.71
221.7 0 -2777.11
221.8 0 -2774.51
221.9 0 -2771.91
222 0 -2769.31
222.1 0 -2766.7
222.2 0 -2764.1
222.3 0 -2761.5
222.4 0 -2758.89
222.5 0 -2756.28
222.6 0 -2753.68
222.7 0 -2751.07
222.8 0 -2748.46
222.9 0 -2745.85
223 0 -2743.24
223.1 0 -2740.62
223.2 0 -2738.01
223.3 0 -2735.39
223.4 0 -2732.78
223.5 0 -2730.16
223.6 0 -2727.54
223.7 0 -2724.92
223.8 0 -2722.3
223.9 0 -2719.68
224 0 -2717.06
224.1 0 -2714.44
224.2 0 -2711.81
224.3 0 -2709.19
224.4 0 -2706.56
224.5 0 -2703.93
224.6 0 -2701.3
224.7 0 -2698.67
224.8 0 -2696.04
224.9 0 -2693.41
225 0 -2690.78
225.1 0 -2688.14
225.2 0 -2685.51
225.3 0 -2682.87
225.4 0 -2680.23
225.5 0 -2677.59
225.6 0 -2674.96
225.7 0 -2672.32
225.8 0 -2669.67
225.9 0 -2667.03
226 0 -2664.39
226.1 0 -2661.74
226.2 0 -2659.1
226.3 0 -2656.45
226.4 0 -2653.8
226.5 0 -2651.15
226.6 0 -2648.5
226.7 0 -2645.85
226.8 0 -2643.2
226.9 0 -2640.55
227 0 -2637.89
227.1 0 -2635.24
227.2 0 -2632.58
227.3 0 -2629.92
227.4 0 -2627.26
227.5 0 -2624.6
227.6 0 -2621.94
227.7 0 -2619.28
227.8 0 -2616.62
227.9 0 -2613.96
228 0 -2611.29
228.1 0 -2608.62
228.2 0 -2605.96
228.3 0 -2603.29
228.4 0 -2600.62
228.5 0 -2597.95
228.6 0 -2595.28
228.7 0 -2592.61
228.8 0 -2589.93
228.9 0 -2587.26
229 0 -2584.58
229.1 0 -2581.91
229.2 0 -2579.23
229.3 0 -2576.55
229.4 0 -2573.87
229.5 0 -2571.19
229.6 0 -2568.51
229.7 0 -2565.82
229.8 0 -2563.14
229.9 0 -2560.45
230 0 -2557.77
230.1 0 -2555.08
230.2 0 -2552.39
230.3 0 -2549.7
230.4 0 -2547.01
230.5 0 -2544.32
230.6 0 -2541.63
230.7 0 -2538.94
230.8 0 -2536.24
230.9 0 -2533.55
231 0 -2530.85
231.1 0 -2528.15
231.2 0 -2525.45
231.3 0 -2522.75
231.4 0 -2520.05
231.5 0 -2517.35
231.6 0 -2514.65
231.7 0 -2511.94
231.8 0 -2509.24
231.9 0 -2506.53
232 0 -2503.82
232.1 0 -2501.11
232.2 0 -2498.4
232.3 0 -2495.69
232.4 0 -2492.98
232.5 0 -2490.27
232.6 0 -2487.55
232.7 0 -2484.84
232.8 0 -2482.12
232.9 0 -2479.41
233 0 -2476.69
233.1 0 -2473.97
233.2 0 -2471.25
233.3 0 -2468.53
233.4 0 -2465.81
233.5 0 -2463.08
233.6 0 -2460.36
233.7 0 -2457.63
233.8 0 -2454.91
233.9 0 -2452.18
234 0 -2449.45
234.1 0 -2446.72
234.2 0 -2443.99
234.3 0 -2441.26
234.4 0 -2438.52
234.5 0 -2435.79
234.6 0 -2433.06
234.7 0 -2430.32
234.8 0 -2427.58
234.9 0 -2424.84
235 0 -2422.1
235.1 0 -2419.36
235.2 0 -2416.62
235.3 0 -2413.88
235.4 0 -2411.14
235.5 0 -2408.39
235.6 0 -2405.65
235.7 0 -2402.9
235.8 0 -2400.15
235.9 0 -2397.4
236 0 -2394.65
236.1 0 -2391.9
236.2 0 -2389.15
236.3 0 -2386.4
236.4 0 -2383.64
236.5 0 -2380.89
236.6 0 -2378.13
236.7 0 -2375.37
236.8 0 -2372.61
236.9 0 -2369.85
237 0 -2367.09
237.1 0 -2364.33
237.2 0 -2361.57
237.3 0 -2358.81
237.4 0 -2356.04
237.5 0 -2353.27
237.6 0 -2350.51
237.7 0 -2347.74
237.8 0 -2344.97
237.9 0 -2342.2
238 0 -2339.43
238.1 0 -2336.66
238.2 0 -2333.88
238.3 0 -2331.11
238.4 0 -2328.33
238.5 0 -2325.56
238.6 0 -2322.78
238.7 0 -2320
238.8 0 -2317.22
238.9 0 -2314.44
239 0 -2311.66
239.1 0 -2308.88
239.2 0 -2306.09
239.3 0 -2303.31
239.4 0 -2300.52
239.5 0 -2297.73
239.6 0 -2294.94
239.7 0 -2292.15
239.8 0 -2289.36
239.9 0 -2286.57
240 0 -2283.78
240.1 0 -2280.99
240.2 0 -2278.19
240.3 0 -2275.4
240.4 0 -2272.6
240.5 0 -2269.8
240.6 0 -2267
240.7 0 -2264.2
240.8 0 -2261.4
240.9 0 -2258.6
241 0 -2255.8
241.1 0 -2252.99
241.2 0 -2250.19
241.3 0 -2247.38
241.4 0 -2244.57
241.5 0 -2241.76
241.6 0 -2238.96
241.7 0 -2236.14
241.8 0 -2233.33
241.9 0 -2230.52
242 0 -2227.71
242.1 0 -2224.89
242.2 0 -2222.08
242.3 0 -2219.26
242.4 0 -2216.44
242.5 0 -2213.62
242.6 0 -2210.8
242.7 0 -2207.98
242.8 0 -2205.16
242.9 0 -2202.33
243 0 -2199.51
243.1 0 -2196.68
243.2 0 -2193.86
243.3 0 -2191.03
243.4 0 -2188.2
243.5 0 -2185.37
243.6 0 -2182.54
243.7 0 -2179.71
243.8 0 -2176.88
243.9 0 -2174.04
244 0 -2171.21
244.1 0 -2168.37
244.2 0 -2165.53
244.3 0 -2162.7
244.4 0 -2159.86
244.5 0 -2157.02
244.6 0 -2154.17
244.7 0 -2151.33
244.8 0 -2148.49
244.9 0 -2145.64
245 0 -2142.8
245.1 0 -2139.95
245.2 0 -2137.1
245.3 0 -2134.25
245.4 0 -2131.4
245.5 0 -2128.55
245.6 0 -2125.7
245.7 0 -2122.85
245.8 0 -2119.99
245.9 0 -2117.14
246 0 -2114.28
246.1 0 -2111.43
246.2 0 -2108.57
246.3 0 -2105.71
246.4 0 -2102.85
246.5 0 -2099.98
246.6 0 -2097.12
246.7 0 -2094.26
246.8 0 -2091.39
246.9 0 -2088.53
247 0 -2085.66
247.1 0 -2082.79
247.2 0 -2079.92
247.3 0 -2077.05
247.4 0 -2074.18
247.5 0 -2071.31
247.6 0 -2068.44
247.7 0 -2065.56
247.8 0 -2062.69
247.9 0 -2059.81
248 0 -2056.93
248.1 0 -2054.05
248.2 0 -2051.18
248.3 0 -2048.29
248.4 0 -2045.41
248.5 0 -2042.53
248.6 0 -2039.65
248.7 0 -2036.76
248.8 0 -2033.87
248.9 0 -2030.99
249 0 -2028.1
249.1 0 -2025.21
249.2 0 -2022.32
249.3 0 -2019.43
249.4 0 -2016.54
249.5 0 -2013.64
249.6 0 -2010.75
249.7 0 -2007.85
249.8 0 -2004.96
249.9 0 -2002.06
250 0 -1999.16
250.1 0 -1996.26
250.2 0 -1993.36
250.3 0 -1990.46
250.4 0 -1987.55
250.5 0 -1984.65
250.6 0 -1981.75
250.7 0 -1978.84
250.8 0 -1975.93
250.9 0 -1973.02
251 0 -1970.11
251.1 0 -1967.2
251.2 0 -1964.29
251.3 0 -1961.38
251.4 0 -1958.47
251.5 0 -1955.55
251.6 0 -1952.64
251.7 0 -1949.72
251.8 0 -1946.8
251.9 0 -1943.88
252 0 -1940.96
252.1 0 -1938.04
252.2 0 -1935.12
252.3 0 -1932.2
252.4 0 -1929.27
252.5 0 -1926.35
252.6 0 -1923.42
252.7 0 -1920.5
252.8 0 -1917.57
252.9 0 -1914.64
253 0 -1911.71
253.1 0 -1908.78
253.2 0 -1905.84
253.3 0 -1902.91
253.4 0 -1899.98
253.5 0 -1897.04
253.6 0 -1894.1
253.7 0 -1891.17
253.8 0 -1888.23
253.9 0 -1885.29
254 0 -1882.35
254.1 0 -1879.4
254.2 0 -1876.46
254.3 0 -1873.52
254.4 0 -1870.57
254.5 0 -1867.62
254.6 0 -1864.68
254.7 0 -1861.73
254.8 0 -1858.78
254.9 0 -1855.83
255 0 -1852.88
255.1 0 -1849.93
255.2 0 -1846.97
255.3 0 -1844.02
255.4 0 -1841.06
255.5 0 -1838.11
255.6 0 -1835.15
255.7 0 -1832.19
255.8 0 -1829.23
255.9 0 -1826.27
256 0 -1823.31
256.1 0 -1820.34
256.2 0 -1817.38
256.3 0 -1814.41
256.4 0 -1811.45
256.5 0 -1808.48
256.6 0 -1805.51
256.7 0 -1802.54
256.8 0 -1799.57
256.9 0 -1796.6
257 0 -1793.63
257.1 0 -1790.66
257.2 0 -1787.68
257.3 0 -1784.71
257.4 0 -1781.73
257.5 0 -1778.75
257.6 0 -1775.77
257.7 0 -1772.79
257.8 0 -1769.81
257.9 0 -1766.83
258 0 -1763.85
258.1 0 -1760.86
258.2 0 -1757.88
258.3 0 -1754.89
258.4 0 -1751.91
258.5 0 -1748.92
258.6 0 -1745.93
258.7 0 -1742.94
258.8 0 -1739.95
258.9 0 -1736.96
259 0 -1733.96
259.1 0 -1730.97
259.2 0 -1727.97
259.3 0 -1724.98
259.4 0 -1721.98
259.5 0 -1718.98
259.6 0 -1715.98
259.7 0 -1712.98
259.8 0 -1709.98
259.9 0 -1706.98
260 0 -1703.97
260.1 0 -1700.97
260.2 0 -1697.96
260.3 0 -1694.96
260.4 0 -1691.95
260.5 0 -1688.94
260.6 0 -1685.93
260.7 0 -1682.92
260.8 0 -1679.91
260.9 0 -1676.89
261 0 -1673.88
261.1 0 -1670.86
261.2 0 -1667.85
261.3 0 -1664.83
261.4 0 -1661.81
261.5 0 -1658.79
261.6 0 -1655.77
261.7 0 -1652.75
261.8 0 -1649.73
261.9 0 -1646.71
262 0 -1643.68
262.1 0 -1640.66
262.2 0 -1637.63
262.3 0 -1634.6
262.4 0 -1631.58
262.5 0 -1628.55
262.6 0 -1625.52
262.7 0 -1622.48
262.8 0 -1619.45
262.9 0 -1616.42
263 0 -1613.38
263.1 0 -1610.35
263.2 0 -1607.31
263.3 0 -1604.27
263.4 0 -1601.24
263.5 0 -1598.2
263.6 0 -1595.16
263.7 0 -1592.11
263.8 0 -1589.07
263.9 0 -1586.03
264 0 -1582.98
264.1 0 -1579.94
264.2 0 -1576.89
264.3 0 -1573.84
264.4 0 -1570.79
264.5 0 -1567.74
264.6 0 -1564.69
264.7 0 -1561.64
264.8 0 -1558.59
264.9 0 -1555.53
265 0 -1552.48
265.1 0 -1549.42
265.2 0 -1546.37
265.3 0 -1543.31
265.4 0 -1540.25
265.5 0 -1537.19
265.6 0 -1534.13
265.7 0 -1531.07
265.8 0 -1528
265.9 0 -1524.94
266 0 -1521.88
266.1 0 -1518.81
266.2 0 -1515.74
266.3 0 -1512.67
266.4 0 -1509.61
266.5 0 -1506.54
266.6 0 -1503.46
266.7 0 -1500.39
266.8 0 -1497.32
266.9 0 -1494.25
267 0 -1491.17
267.1 0 -1488.1
267.2 0 -1485.02
267.3 0 -1481.94
267.4 0 -1478.86
267.5 0 -1475.78
267.6 0 -1472.7
267.7 0 -1469.62
267.8 0 -1466.54
267.9 0 -1463.45
268 0 -1460.37
268.1 0 -1457.28
268.2 0 -1454.19
268.3 0 -1451.11
268.4 0 -1448.02
268.5 0 -1444.93
268.6 0 -1441.84
268.7 0 -1438.75
268.8 0 -1435.65
268.9 0 -1432.56
269 0 -1429.46
269.1 0 -1426.37
269.2 0 -1423.27
269.3 0 -1420.17
269.4 0 -1417.08
269.5 0 -1413.98
269.6 0 -1410.88
269.7 0 -1407.77
269.8 0 -1404.67
269.9 0 -1401.57
270 0 -1398.46
270.1 0 -1395.36
270.2 0 -1392.25
270.3 0 -1389.14
270.4 0 -1386.04
270.5 0 -1382.93
270.6 0 -1379.82
270.7 0 -1376.7
270.8 0 -1373.59
270.9 0 -1370.48
271 0 -1367.37
271.1 0 -1364.25
271.2 0 -1361.13
271.3 0 -1358.02
271.4 0 -1354.9
271.5 0 -1351.78
271.6 0 -1348.66
271.7 0 -1345.54
271.8 0 -1342.42
271.9 0 -1339.3
272 0 -1336.17
272.1 0 -1333.05
272.2 0 -1329.92
272.3 0 -1326.8
272.4 0 -1323.67
272.5 0 -1320.54
272.6 0 -1317.41
272.7 0 -1314.28
272.8 0 -1311.15
272.9 0 -1308.02
273 0 -1304.88
273.1 0 -1301.75
273.2 0 -1298.62
273.3 0 -1295.48
273.4 0 -1292.34
273.5 0 -1289.21
273.6 0 -1286.07
273.7 0 -1282.93
273.8 0 -1279.79
273.9 0 -1276.65
274 0 -1273.5
274.1 0 -1270.36
274.2 0 -1267.22
274.3 0 -1264.07
274.4 0 -1260.92
274.5 0 -1257.78
274.6 0 -1254.63
274.7 0 -1251.48
274.8 0 -1248.33
274.9 0 -1245.18
275 0 -1242.03
275.1 0 -1238.88
275.2 0 -1235.73
275.3 0 -1232.57
275.4 0 -1229.42
275.5 0 -1226.26
275.6 0 -1223.1
275.7 0 -1219.95
275.8 0 -1216.79
275.9 0 -1213.63
276 0 -1210.47
276.1 0 -1207.31
276.2 0 -1204.14
276.3 0 -1200.98
276.4 0 -1197.82
276.5 0 -1194.65
276.6 0 -1191.49
276.7 0 -1188.32
276.8 0 -1185.15
276.9 0 -1181.99
277 0 -1178.82
277.1 0 -1175.65
277.2 0 -1172.48
277.3 0 -1169.31
277.4 0 -1166.13
277.5 0 -1162.96
277.6 0 -1159.79
277.7 0 -1156.61
277.8 0 -1153.43
277.9 0 -1150.26
278 0 -1147.08
278.1 0 -1143.9
278.2 0 -1140.72
278.3 0 -1137.54
278.4 0 -1134.36
278.5 0 -1131.18
278.6 0 -1128
278.7 0 -1124.82
278.8 0 -1121.63
278.9 0 -1118.45
279 0 -1115.26
279.1 0 -1112.07
279.2 0 -1108.89
279.3 0 -1105.7
279.4 0 -1102.51
279.5 0 -1099.32
279.6 0 -1096.13
279.7 0 -1092.94
279.8 0 -1089.75
279.9 0 -1086.55
280 0 -1083.36
280.1 0 -1080.16
280.2 0 -1076.97
280.3 0 -1073.77
280.4 0 -1070.58
280.5 0 -1067.38
280.6 0 -1064.18
280.7 0 -1060.98
280.8 0 -1057.78
280.9 0 -1054.58
281 0 -1051.38
281.1 0 -1048.18
281.2 0 -1044.97
281.3 0 -1041.77
281.4 0 -1038.57
281.5 0 -1035.36
281.6 0 -1032.15
281.7 0 -1028.95
281.8 0 -1025.74
281.9 0 -1022.53
282 0 -1019.32
282.1 0 -1016.11
282.2 0 -1012.9
282.3 0 -1009.69
282.4 0 -1006.48
282.5 0 -1003.27
282.6 0 -1000.06
282.7 0 -996.842
282.8 0 -993.628
282.9 0 -990.413
283 0 -987.197
283.1 0 -983.98
283.2 0 -980.763
283.3 0 -977.545
283.4 0 -974.327
283.5 0 -971.108
283.6 0 -967.888
283.7 0 -964.667
283.8 0 -961.446
283.9 0 -958.224
284 0 -955.002
284.1 0 -951.779
284.2 0 -948.555
284.3 0 -945.33
284.4 0 -942.105
284.5 0 -938.88
284.6 0 -935.654
284.7 0 -932.427
284.8 0 -929.199
284.9 0 -925.971
285 0 -922.742
285.1 0 -919.513
285.2 0 -916.283
285.3 0 -913.053
285.4 0 -909.822
285.5 0 -906.59
285.6 0 -903.358
285.7 0 -900.125
285.8 0 -896.892
285.9 0 -893.658
286 0 -890.424
286.1 0 -887.189
286.2 0 -883.953
286.3 0 -880.717
286.4 0 -877.481
286.5 0 -874.244
286.6 0 -871.006
286.7 0 -867.768
286.8 0 -864.529
286.9 0 -861.29
287 0 -858.051
287.1 0 -854.811
287.2 0 -851.57
287.3 0 -848.329
287.4 0 -845.087
287.5 0 -841.845
287.6 0 -838.603
287.7 0 -835.36
287.8 0 -832.117
287.9 0 -828.873
288 0 -825.629
288.1 0 -822.384
288.2 0 -819.139
288.3 0 -815.894
288.4 0 -812.648
288.5 0 -809.401
288.6 0 -806.155
288.7 0 -802.908
288.8 0 -799.66
288.9 0 -796.412
289 0 -793.164
289.1 0 -789.916
289.2 0 -786.667
289.3 0 -783.417
289.4 0 -780.168
289.5 0 -776.918
289.6 0 -773.668
289.7 0 -770.417
289.8 0 -767.166
289.9 0 -763.915
290 0 -760.664
290.1 0 -757.412
290.2 0 -754.16
290.3 0 -750.908
290.4 0 -747.655
290.5 0 -744.402
290.6 0 -741.149
290.7 0 -737.896
290.8 0 -734.642
290.9 0 -731.389
291 0 -728.135
291.1 0 -724.881
291.2 0 -721.626
291.3 0 -718.372
291.4 0 -715.117
291.5 0 -711.862
291.6 0 -708.607
291.7 0 -705.352
291.8 0 -702.097
291.9 0 -698.841
292 0 -695.586
292.1 0 -692.33
292.2 0 -689.074
292.3 0 -685.818
292.4 0 -682.562
292.5 0 -679.306
292.6 0 -676.05
292.7 0 -672.794
292.8 0 -669.538
292.9 0 -666.282
293 0 -663.026
293.1 0 -659.769
293.2 0 -656.513
293.3 0 -653.257
293.4 0 -650.001
293.5 0 -646.744
293.6 0 -643.488
293.7 0 -640.232
293.8 0 -636.976
293.9 0 -633.72
294 0 -630.464
294.1 0 -627.209
294.2 0 -623.953
294.3 0 -620.697
294.4 0 -617.442
294.5 0 -614.187
294.6 0 -610.932
294.7 0 -607.677
294.8 0 -604.422
294.9 0 -601.167
295 0 -597.913
295.1 0 -594.659
295.2 0 -591.405
295.3 0 -588.151
295.4 0 -584.898
295.5 0 -581.645
295.6 0 -578.392
295.7 0 -575.14
295.8 0 -571.887
295.9 0 -568.635
296 0 -565.384
296.1 0 -562.133
296.2 0 -558.882
296.3 0 -555.631
296.4 0 -552.381
296.5 0 -549.132
296.6 0 -545.882
296.7 0 -542.634
296.8 0 -539.385
296.9 0 -536.137
297 0 -532.89
297.1 0 -529.643
297.2 0 -526.397
297.3 0 -523.151
297.4 0 -519.906
297.5 0 -516.661
297.6 0 -513.417
297.7 0 -510.173
297.8 0 -506.93
297.9 0 -503.688
298 0 -500.446
298.1 0 -497.205
298.2 0 -493.965
298.3 0 -490.725
298.4 0 -487.486
298.5 0 -484.248
298.6 0 -481.011
298.7 0 -477.774
298.8 0 -474.538
298.9 0 -471.303
299 0 -468.068
299.1 0 -464.835
299.2 0 -461.602
299.3 0 -458.371
299.4 0 -455.14
299.5 0 -451.91
299.6 0 -448.681
299.7 0 -445.453
299.8 0 -442.226
299.9 0 -438.999
300 0 -435.774
300.1 0 -432.55
300.2 0 -429.327
300.3 0 -426.105
300.4 0 -422.884
300.5 0 -419.665
300.6 0 -416.446
300.7 0 -413.229
300.8 0 -410.012
300.9 0 -406.797
301 0 -403.583
301.1 0 -400.371
301.2 0 -397.159
301.3 0 -393.949
301.4 0 -390.74
301.5 0 -387.533
301.6 0 -384.327
301.7 0 -381.122
301.8 0 -377.919
301.9 0 -374.717
302 0 -371.516
302.1 0 -368.317
302.2 0 -365.12
302.3 0 -361.924
302.4 0 -358.729
302.5 0 -355.536
302.6 0 -352.345
302.7 0 -349.155
302.8 0 -345.967
302.9 0 -342.781
303 0 -339.596
303.1 0 -336.413
303.2 0 -333.232
303.3 0 -330.052
303.4 0 -326.875
303.5 0 -323.699
303.6 0 -320.525
303.7 0 -317.353
303.8 0 -314.183
303.9 0 -311.014
304 0 -307.848
304.1 0 -304.684
304.2 0 -301.522
304.3 0 -298.361
304.4 0 -295.203
304.5 0 -292.047
304.6 0 -288.893
304.7 0 -285.742
304.8 0 -282.592
304.9 0 -279.445
305 0 -276.3
305.1 0 -273.157
305.2 0 -270.017
305.3 0 -266.878
305.4 0 -263.743
305.5 0 -260.61
305.6 0 -257.479
305.7 0 -254.35
305.8 0 -251.225
305.9 0 -248.101
306 0 -244.981
306.1 0 -241.862
306.2 0 -238.747
306.3 0 -235.634
306.4 0 -232.524
306.5 0 -229.417
306.6 0 -226.312
306.7 0 -223.211
306.8 0 -220.112
306.9 0 -217.016
307 0 -213.923
307.1 0 -210.833
307.2 0 -207.745
307.3 0 -204.661
307.4 0 -201.58
307.5 0 -198.502
307.6 0 -195.428
307.7 0 -192.356
307.8 0 -189.288
307.9 0 -186.223
308 0 -183.161
308.1 0 -180.102
308.2 0 -177.047
308.3 0 -173.996
308.4 0 -170.947
308.5 0 -167.903
308.6 0 -164.861
308.7 0 -161.824
308.8 0 -158.79
308.9 0 -155.759
309 0 -152.733
309.1 0 -149.71
309.2 0 -146.69
309.3 0 -143.675
309.4 0 -140.664
309.5 0 -137.656
309.6 0 -134.652
309.7 0 -131.653
309.8 0 -128.657
309.9 0 -125.666
310 0 -122.678
310.1 0 -119.695
310.2 0 -116.716
310.3 0 -113.741
310.4 0 -110.771
310.5 0 -107.805
310.6 0 -104.843
310.7 0 -101.886
310.8 0 -98.9327
310.9 0 -95.9844
311 0 -93.0407
311.1 0 -90.1017
311.2 0 -87.1673
311.3 0 -84.2376
311.4 0 -81.3127
311.5 0 -78.3926
311.6 0 -75.4774
311.7 0 -72.567
311.8 0 -69.6617
311.9 0 -66.7614
312 0 -63.8661
312.1 0 -60.9759
312.2 0 -58.091
312.3 0 -55.2112
312.4 0 -52.3367
312.5 0 -49.4675
312.6 0 -46.6036
312.7 0 -43.7452
312.8 0 -40.8923
312.9 0 -38.0449
313 0 -35.203
313.1 0 -32.3668
313.2 0 -29.5363
313.3 0 -26.7115
313.4 0 -23.8925
313.5 0 -21.0793
313.6 0 -18.272
313.7 0 -15.4707
313.8 0 -12.6754
313.9 0 -9.88614
314 0 -7.10299
314.1 0 -4.32601
314.2 0 -1.55525
314.3 1 1.20923
314.4 1 3.96737
314.5 1 6.15695
314.6 1 8.33912
314.7 1 10.5139
314.8 1 12.6811
314.9 1 14.8409
315 1 16.993
315.1 1 19.1376
315.2 1 21.2746
315.3 1 23.4039
315.4 1 25.5254
315.5 1 27.6392
315.6 1 29.7453
315.7 1 31.8435
315.8 1 33.9338
315.9 1 36.0162
316 1 38.0907
316.1 1 40.1571
316.2 1 42.2156
316.3 1 44.266
316.4 1 46.3083
316.5 1 48.3424
316.6 1 50.3684
316.7 1 52.3862
316.8 1 54.3957
316.9 1 56.3969
317 1 58.3898
317.1 1 60.3743
317.2 1 62.3504
317.3 1 64.3181
317.4 1 66.2772
317.5 1 68.2279
317.6 1 70.17
317.7 1 72.1035
317.8 1 74.0284
317.9 1 75.9446
318 1 77.8521
318.1 1 79.7509
318.2 1 81.6409
318.3 1 83.5221
318.4 1 85.3945
318.5 1 87.2579
318.6 1 89.1125
318.7 1 90.9581
318.8 1 92.7947
318.9 1 94.6222
319 1 96.4408
319.1 1 98.2502
319.2 1 100.051
319.3 1 101.842
319.4 1 103.624
319.5 1 105.396
319.6 1 107.16
319.7 1 108.914
319.8 1 110.659
319.9 1 112.394
320 1 114.121
320.1 1 115.837
320.2 1 117.544
320.3 1 119.242
320.4 1 120.931
320.5 1 122.609
320.6 1 124.278
320.7 1 125.938
320.8 1 127.588
320.9 1 129.228
321 1 130.859
321.1 1 132.48
321.2 1 134.091
321.3 1 135.692
321.4 1 137.284
321.5 1 138.865
321.6 1 140.437
321.7 1 141.999
321.8 1 143.551
321.9 1 145.094
322 1 146.626
322.1 1 148.148
322.2 1 149.66
322.3 1 151.163
322.4 1 152.655
322.5 1 154.137
322.6 1 155.609
322.7 1 157.071
322.8 1 158.523
322.9 1 159.964
323 1 161.396
323.1 1 162.817
323.2 1 164.228
323.3 1 165.629
323.4 1 167.02
323.5 1 168.4
323.6 1 169.771
323.7 1 171.13
323.8 1 172.48
323.9 1 173.819
324 1 175.148
324.1 1 176.467
324.2 1 177.775
324.3 1 179.073
324.4 1 180.36
324.5 1 181.637
324.6 1 182.904
324.7 1 184.16
324.8 1 185.406
324.9 1 186.641
325 1 187.866
325.1 1 189.08
325.2 1 190.284
325.3 1 191.478
325.4 1 192.661
325.5 1 193.833
325.6 1 194.995
325.7 1 196.147
325.8 1 197.288
325.9 1 198.419
326 1 199.539
326.1 1 200.649
326.2 1 201.748
326.3 1 202.836
326.4 1 203.914
326.5 1 204.982
326.6 1 206.039
326.7 1 207.086
326.8 1 208.122
326.9 1 209.148
327 1 210.163
327.1 1 211.168
327.2 1 212.162
327.3 1 213.146
327.4 1 214.119
327.5 1 215.082
327.6 1 216.035
327.7 1 216.977
327.8 1 217.908
327.9 1 218.83
328 1 219.74
328.1 1 220.641
328.2 1 221.531
328.3 1 222.411
328.4 1 223.28
328.5 1 224.139
328.6 1 224.988
328.7 1 225.827
328.8 1 226.655
328.9 1 227.473
329 1 228.281
329.1 1 229.078
329.2 1 229.866
329.3 1 230.643
329.4 1 231.41
329.5 1 232.167
329.6 1 232.914
329.7 1 233.65
329.8 1 234.377
329.9 1 235.094
330 1 235.8
330.1 1 236.497
330.2 1 237.184
330.3 1 237.86
330.4 1 238.527
330.5 1 239.184
330.6 1 239.831
330.7 1 240.469
330.8 1 241.096
330.9 1 241.714
331 1 242.322
331.1 1 242.921
331.2 1 243.51
331.3 1 244.089
331.4 1 244.658
331.5 1 245.219
331.6 1 245.769
331.7 1 246.31
331.8 1 246.842
331.9 1 247.364
332 1 247.877
332.1 1 248.381
332.2 1 248.876
332.3 1 249.361
332.4 1 249.837
332.5 1 250.304
332.6 1 250.761
332.7 1 251.21
332.8 1 251.65
332.9 1 252.081
333 1 252.502
333.1 1 252.915
333.2 1 253.32
333.3 1 253.715
333.4 1 254.102
333.5 1 254.479
333.6 1 254.849
333.7 1 255.209
333.8 1 255.562
333.9 1 255.905
334 1 256.24
334.1 1 256.567
334.2 1 256.886
334.3 1 257.196
334.4 1 257.498
334.5 1 257.792
334.6 1 258.077
334.7 1 258.355
334.8 1 258.624
334.9 1 258.886
335 1 259.14
335.1 1 259.385
335.2 1 259.623
335.3 1 259.854
335.4 1 260.076
335.5 1 260.291
335.6 1 260.498
335.7 1 260.698
335.8 1 260.89
335.9 1 261.075
336 1 261.253
336.1 1 261.423
336.2 1 261.586
336.3 1 261.742
336.4 1 261.891
336.5 1 262.033
336.6 1 262.167
336.7 1 262.295
336.8 1 262.416
336.9 1 262.53
337 1 262.637
337.1 1 262.738
337.2 1 262.832
337.3 1 262.919
337.4 1 263
337.5 1 263.074
337.6 1 263.142
337.7 1 263.204
337.8 1 263.259
337.9 1 263.308
338 1 263.351
338.1 1 263.388
338.2 1 263.419
338.3 1 263.444
338.4 1 263.463
338.5 1 263.476
338.6 1 263.484
338.7 1 263.486
338.8 1 263.482
338.9 1 263.472
339 1 263.457
339.1 1 263.437
339.2 1 263.411
339.3 1 263.379
339.4 1 263.343
339.5 1 263.301
339.6 1 263.254
339.7 1 263.202
339.8 1 263.145
339.9 1 263.083
340 1 263.016
340.1 1 262.945
340.2 1 262.868
340.3 1 262.787
340.4 1 262.701
340.5 1 262.61
340.6 1 262.515
340.7 1 262.416
340.8 1 262.312
340.9 1 262.203
341 1 262.091
341.1 1 261.974
341.2 1 261.853
341.3 1 261.728
341.4 1 261.598
341.5 1 261.465
341.6 1 261.328
341.7 1 261.187
341.8 1 261.042
341.9 1 260.893
342 1 260.741
342.1 1 260.585
342.2 1 260.426
342.3 1 260.262
342.4 1 260.096
342.5 1 259.926
342.6 1 259.753
342.7 1 259.576
342.8 1 259.396
342.9 1 259.213
343 1 259.027
343.1 1 258.837
343.2 1 258.645
343.3 1 258.45
343.4 1 258.251
343.5 1 258.05
343.6 1 257.846
343.7 1 257.64
343.8 1 257.43
343.9 1 257.218
344 1 257.004
344.1 1 256.787
344.2 1 256.567
344.3 1 256.345
344.4 1 256.12
344.5 1 255.893
344.6 1 255.664
344.7 1 255.433
344.8 1 255.199
344.9 1 254.964
345 1 254.726
345.1 1 254.486
345.2 1 254.244
345.3 1 254
345.4 1 253.755
345.5 1 253.507
345.6 1 253.258
345.7 1 253.006
345.8 1 252.754
345.9 1 252.499
346 1 252.243
346.1 1 251.985
346.2 1 251.726
346.3 1 251.465
346.4 1 251.203
346.5 1 250.939
346.6 1 250.674
346.7 1 250.407
346.8 1 250.14
346.9 1 249.871
347 1 249.601
347.1 1 249.329
347.2 1 249.057
347.3 1 248.783
347.4 1 248.509
347.5 1 248.233
347.6 1 247.957
347.7 1 247.679
347.8 1 247.401
347.9 1 247.122
348 1 246.841
348.1 1 246.561
348.2 1 246.279
348.3 1 245.997
348.4 1 245.714
348.5 1 245.43
348.6 1 245.146
348.7 1 244.861
348.8 1 244.575
348.9 1 244.289
349 1 244.003
349.1 1 243.716
349.2 1 243.429
349.3 1 243.141
349.4 1 242.853
349.5 1 242.565
349.6 1 242.276
349.7 1 241.987
349.8 1 241.698
349.9 1 241.408
350 1 241.119
350.1 1 240.829
350.2 1 240.539
350.3 1 240.249
350.4 1 239.959
350.5 1 239.669
350.6 1 239.379
350.7 1 239.089
350.8 1 238.799
350.9 1 238.509
351 1 238.219
351.1 1 237.929
351.2 1 237.639
351.3 1 237.349
351.4 1 237.06
351.5 1 236.771
351.6 1 236.481
351.7 1 236.193
351.8 1 235.904
351.9 1 235.616
352 1 235.328
352.1 1 235.04
352.2 1 234.753
352.3 1 234.466
352.4 1 234.179
352.5 1 233.893
352.6 1 233.607
352.7 1 233.322
352.8 1 233.037
352.9 1 232.753
353 1 232.469
353.1 1 232.185
353.2 1 231.902
353.3 1 231.62
353.4 1 231.338
353.5 1 231.057
353.6 1 230.776
353.7 1 230.496
353.8 1 230.216
353.9 1 229.937
354 1 229.659
354.1 1 229.382
354.2 1 229.105
354.3 1 228.828
354.4 1 228.553
354.5 1 228.278
354.6 1 228.004
354.7 1 227.731
354.8 1 227.458
354.9 1 227.186
355 1 226.915
355.1 1 226.644
355.2 1 226.375
355.3 1 226.106
355.4 1 225.838
355.5 1 225.571
355.6 1 225.305
355.7 1 225.039
355.8 1 224.775
355.9 1 224.511
356 1 224.248
356.1 1 223.986
356.2 1 223.725
356.3 1 223.464
356.4 1 223.205
356.5 1 222.946
356.6 1 222.689
356.7 1 222.432
356.8 1 222.176
356.9 1 221.922
357 1 221.668
357.1 1 221.415
357.2 1 221.163
357.3 1 220.912
357.4 1 220.662
357.5 1 220.413
357.6 1 220.165
357.7 1 219.917
357.8 1 219.671
357.9 1 219.426
358 1 219.182
358.1 1 218.939
358.2 1 218.696
358.3 1 218.455
358.4 1 218.215
358.5 1 217.976
358.6 1 217.738
358.7 1 217.501
358.8 1 217.264
358.9 1 217.029
359 1 216.795
359.1 1 216.562
359.2 1 216.33
359.3 1 216.099
359.4 1 215.869
359.5 1 215.64
359.6 1 215.412
359.7 1 215.185
359.8 1 214.96
359.9 1 214.735
360 1 214.511
360.1 1 214.288
360.2 1 214.067
360.3 1 213.846
360.4 1 213.627
360.5 1 213.408
360.6 1 213.191
360.7 1 212.974
360.8 1 212.759
360.9 1 212.545
361 1 212.332
361.1 1 212.119
361.2 1 211.908
361.3 1 211.698
361.4 1 211.489
361.5 1 211.281
361.6 1 211.074
361.7 1 210.868
361.8 1 210.663
361.9 1 210.459
362 1 210.257
362.1 1 210.055
362.2 1 209.854
362.3 1 209.655
362.4 1 209.456
362.5 1 209.258
362.6 1 209.062
362.7 1 208.866
362.8 1 208.672
362.9 1 208.478
363 1 208.286
363.1 1 208.094
363.2 1 207.904
363.3 1 207.715
363.4 1 207.526
363.5 1 207.339
363.6 1 207.153
363.7 1 206.967
363.8 1 206.783
363.9 1 206.6
364 1 206.417
364.1 1 206.236
364.2 1 196.141
364.3 1 186.857
364.4 1 178.293
364.5 1 170.369
364.6 1 163.016
364.7 1 156.176
364.8 1 149.797
364.9 1 143.837
365 1 138.254
365.1 1 133.016
365.2 1 128.091
365.3 1 123.454
365.4 1 119.079
365.5 1 114.946
365.6 1 111.036
365.7 1 107.331
365.8 1 103.816
365.9 1 100.477
366 1 97.3015
366.1 1 94.2779
366.2 1 91.3957
366.3 1 88.6456
366.4 1 86.0188
366.5 1 83.5073
366.6 1 81.1039
366.7 1 78.8018
366.8 1 76.595
366.9 1 74.4777
367 1 72.4447
367.1 1 70.4912
367.2 1 68.6126
367.3 1 66.8048
367.4 1 65.064
367.5 1 63.3865
367.6 1 61.769
367.7 1 60.2084
367.8 1 58.7018
367.9 1 57.2464
368 1 55.8397
368.1 1 54.4794
368.2 1 53.1631
368.3 1 51.8889
368.4 1 50.6547
368.5 1 49.4587
368.6 1 48.2991
368.7 1 47.1744
368.8 1 46.0829
368.9 1 45.0232
369 1 43.994
369.1 1 42.9939
369.2 1 42.0218
369.3 1 41.0763
369.4 1 40.1566
369.5 1 39.2614
369.6 1 38.3899
369.7 1 37.541
369.8 1 36.7139
369.9 1 35.9078
370 1 35.1218
370.1 1 34.3552
370.2 1 33.6072
370.3 1 32.8772
370.4 1 32.1644
370.5 1 31.4683
370.6 1 30.7883
370.7 1 30.1237
370.8 1 29.4741
370.9 1 28.8389
371 1 28.2176
371.1 1 27.6097
371.2 1 27.0147
371.3 1 26.4324
371.4 1 25.8621
371.5 1 25.3035
371.6 1 24.7562
371.7 1 24.2199
371.8 1 23.6942
371.9 1 23.1788
372 1 22.6732
372.1 1 22.1773
372.2 1 21.6907
372.3 1 21.2131
372.4 1 20.7443
372.5 1 20.2839
372.6 1 19.8317
372.7 1 19.3875
372.8 1 18.9511
372.9 1 18.5221
373 1 18.1003
373.1 1 17.6857
373.2 1 17.2779
373.3 1 16.8767
373.4 1 16.482
373.5 1 16.0936
373.6 1 15.7112
373.7 1 15.3348
373.8 1 14.9641
373.9 1 14.599
374 1 14.2393
374.1 1 13.8849
374.2 1 13.5357
374.3 1 13.1914
374.4 1 12.852
374.5 1 12.5173
374.6 1 12.1873
374.7 1 11.8616
374.8 1 11.5404
374.9 1 11.2233
375 1 10.9104
375.1 1 10.6015
375.2 1 10.2965
375.3 1 9.99526
375.4 1 9.69775
375.5 1 9.40384
375.6 1 9.11343
375.7 1 8.82644
375.8 1 8.54278
375.9 1 8.26236
376 1 7.9851
376.1 1 7.71091
376.2 1 7.43971
376.3 1 7.17143
376.4 1 6.906
376.5 1 6.64334
376.6 1 6.38337
376.7 1 6.12604
376.8 1 5.87127
376.9 1 5.61899
377 1 5.36915
377.1 1 5.12169
377.2 1 4.87653
377.3 1 4.63363
377.4 1 4.39292
377.5 1 4.15435
377.6 1 3.91786
377.7 1 3.68341
377.8 1 3.45094
377.9 1 3.22039
378 1 2.99173
378.1 1 2.76489
378.2 1 2.53984
378.3 1 2.31653
378.4 1 2.09491
378.5 1 1.87495
378.6 1 1.65659
378.7 1 1.43979
378.8 1 1.22452
378.9 1 1.01074
379 1 0.798399
379.1 1 0.587467
379.2 1 0.377906
379.3 0.836066 0.169679
379.4 0.629138 -0.0372505
379.5 0.515633 -0.150756
379.6 0.519269 -0.147121
379.7 0.586982 -0.0794086
379.8 0.652626 -0.0137653
379.9 0.680188 0.0137953
380 0.671003 0.00460949
380.1 0.646646 -0.0197484
380.2 0.62784 -0.038555
380.3 0.623087 -0.0433091
380.4 0.6292 -0.0371971
380.5 0.638228 -0.0281692
380.6 0.64405 -0.0223487
380.7 0.645037 -0.0213624
380.8 0.643012 -0.0233878
380.9 0.640705 -0.0256962
381 0.639807 -0.0265952
381.1 0.640469 -0.0259342
381.2 0.64189 -0.0245138
381.3 0.643188 -0.0232166
381.4 0.643935 -0.0224705
381.5 0.6442 -0.0222061
381.6 0.644293 -0.0221133
381.7 0.644485 -0.0219225
381.8 0.644869 -0.0215395
381.9 0.645387 -0.0210223
382 0.645929 -0.020481
382.1 0.646417 -0.0199933
382.2 0.646837 -0.0195743
382.3 0.647217 -0.0191953
382.4 0.647594 -0.0188194
382.5 0.647988 -0.018426
382.6 0.6484 -0.018015
382.7 0.648817 -0.0175983
382.8 0.649229 -0.0171876
382.9 0.64963 -0.0167876
383 0.650021 -0.0163969
383.1 0.650408 -0.0160111
383.2 0.650793 -0.0156266
383.3 0.651178 -0.0152424
383.4 0.651561 -0.0148596
383.5 0.651942 -0.0144795
383.6 0.652319 -0.0141032
383.7 0.652693 -0.0137307
383.8 0.653062 -0.0133616
383.9 0.653429 -0.0129953
384 0.653794 -0.0126317
384.1 0.654156 -0.0122707
384.2 0.654515 -0.0119124
384.3 0.654871 -0.011557
384.4 0.655224 -0.0112046
384.5 0.655574 -0.010855
384.6 0.655922 -0.0105083
384.7 0.656267 -0.0101643
384.8 0.656609 -0.00982306
384.9 0.656948 -0.00948452
385 0.657284 -0.00914869
385.1 0.657618 -0.00881559
385.2 0.657949 -0.00848519
385.3 0.658278 -0.00815747
385.4 0.658604 -0.0078324
385.5 0.658927 -0.00750996
385.6 0.659247 -0.00719015
385.7 0.659565 -0.00687294
385.8 0.659881 -0.00655831
385.9 0.660193 -0.00624626
386 0.660504 -0.00593677
386.1 0.660811 -0.00562982
386.2 0.661116 -0.00532539
386.3 0.661419 -0.00502347
386.4 0.661719 -0.00472404
386.5 0.662017 -0.00442709
386.6 0.662312 -0.0041326
386.7 0.662605 -0.00384055
386.8 0.662895 -0.00355093
386.9 0.663183 -0.00326373
387 0.663468 -0.00297892
387.1 0.663752 -0.00269649
387.2 0.664032 -0.00241644
387.3 0.664311 -0.00213873
387.4 0.664587 -0.00186336
387.5 0.66486 -0.00159031
387.6 0.665132 -0.00131957
387.7 0.665401 -0.00105112
387.8 0.665668 -0.000784957
387.9 0.665932 -0.00052105
388 0.666195 -0.000259392
388.1 0.666455 3.18699e-08
388.2 0.666713 0.000257239
388.3 0.666968 0.000512243
388.4 0.667222 0.000765054
388.5 0.667473 0.00101569
388.6 0.667722 0.00126416
388.7 0.667969 0.00151048
388.8 0.668214 0.00175467
388.9 0.668457 0.00199673
389 0.668697 0.0022367
389.1 0.668936 0.00247457
389.2 0.669172 0.00271036
389.3 0.669407 0.00294408
389.4 0.669639 0.00317575
389.5 0.669869 0.00340538
389.6 0.670098 0.00363299
389.7 0.670324 0.00385858
389.8 0.670548 0.00408217
389.9 0.67077 0.00430378
390 0.670991 0.00452342
390.1 0.671209 0.00474109
390.2 0.671425 0.00495682
390.3 0.67164 0.00517061
390.4 0.671852 0.00538248
390.5 0.672063 0.00559244
390.6 0.672271 0.00580051
390.7 0.672478 0.0060067
390.8 0.672683 0.00621101
390.9 0.672886 0.00641345
391 0.673087 0.00661406
391.1 0.673287 0.00681282
391.2 0.673484 0.00700977
391.3 0.67368 0.00720491
391.4 0.673874 0.00739825
391.5 0.674066 0.00758979
391.6 0.674257 0.00777957
391.7 0.674445 0.00796758
391.8 0.674632 0.00815384
391.9 0.674817 0.00833836
392 0.675001 0.00852116
392.1 0.675182 0.00870224
392.2 0.675362 0.00888162
392.3 0.675541 0.00905929
392.4 0.675717 0.00923529
392.5 0.675892 0.00940962
392.6 0.676065 0.00958228
392.7 0.676237 0.0097533
392.8 0.676407 0.00992268
392.9 0.676575 0.0100904
393 0.676742 0.0102566
393.1 0.676907 0.0104211
393.2 0.677071 0.0105841
393.3 0.677232 0.0107454
393.4 0.677393 0.0109052
393.5 0.677552 0.0110634
393.6 0.677709 0.0112201
393.7 0.677865 0.0113752
393.8 0.678019 0.0115288
393.9 0.678171 0.0116809
394 0.678323 0.0118315
394.1 0.678472 0.0119806
394.2 0.67862 0.0121281
394.3 0.678767 0.0122742
394.4 0.678912 0.0124189
394.5 0.679056 0.0125621
394.6 0.679198 0.0127038
394.7 0.679339 0.0128441
394.8 0.679478 0.0129829
394.9 0.679616 0.0131204
395 0.679753 0.0132564
395.1 0.679888 0.0133911
395.2 0.680022 0.0135243
395.3 0.680154 0.0136562
395.4 0.680285 0.0137866
395.5 0.680415 0.0139158
395.6 0.680543 0.0140436
395.7 0.68067 0.01417
395.8 0.680796 0.0142951
395.9 0.68092 0.0144189
396 0.681043 0.0145413
396.1 0.681165 0.0146625
396.2 0.681285 0.0147823
396.3 0.681404 0.0149009
396.4 0.681522 0.0150182
396.5 0.681639 0.0151342
396.6 0.681754 0.015249
396.7 0.681868 0.0153625
396.8 0.681981 0.0154747
396.9 0.682092 0.0155858
397 0.682203 0.0156956
397.1 0.682312 0.0158041
397.2 0.68242 0.0159115
397.3 0.682526 0.0160177
397.4 0.682632 0.0161227
397.5 0.682736 0.0162265
397.6 0.682839 0.0163291
397.7 0.682941 0.0164305
397.8 0.683042 0.0165308
397.9 0.683142 0.01663
398 0.68324 0.016728
398.1 0.683338 0.0168248
398.2 0.683434 0.0169206
398.3 0.683529 0.0170152
398.4 0.683623 0.0171087
398.5 0.683716 0.0172011
398.6 0.683808 0.0172924
398.7 0.683898 0.0173826
398.8 0.683988 0.0174718
398.9 0.684076 0.0175598
399 0.684164 0.0176468
399.1 0.68425 0.0177328
399.2 0.684336 0.0178177
399.3 0.68442 0.0179015
399.4 0.684503 0.0179844
399.5 0.684586 0.0180662
399.6 0.684667 0.0181469
399.7 0.684747 0.0182267
399.8 0.684826 0.0183055
399.9 0.684905 0.0183832
400 0.684982 0.01846
400.1 0.685058 0.0185358
400.2 0.685133 0.0186106
400.3 0.685208 0.0186845
400.4 0.685281 0.0187573
400.5 0.685354 0.0188293
400.6 0.685425 0.0189003
400.7 0.685495 0.0189703
400.8 0.685565 0.0190394
400.9 0.685634 0.0191076
401 0.685701 0.0191748
401.1 0.685768 0.0192412
401.2 0.685834 0.0193066
401.3 0.685899 0.0193712
401.4 0.685963 0.0194348
401.5 0.686026 0.0194976
401.6 0.686089 0.0195595
401.7 0.68615 0.0196205
401.8 0.686211 0.0196806
401.9 0.68627 0.0197399
402 0.686329 0.0197983
402.1 0.686387 0.0198559
402.2 0.686444 0.0199126
402.3 0.686501 0.0199685
402.4 0.686556 0.0200235
402.5 0.686611 0.0200778
402.6 0.686665 0.0201312
402.7 0.686718 0.0201838
402.8 0.68677 0.0202356
402.9 0.686822 0.0202866
403 0.686872 0.0203368
403.1 0.686922 0.0203862
403.2 0.686971 0.0204349
403.3 0.687019 0.0204828
403.4 0.687067 0.0205299
403.5 0.687114 0.0205762
403.6 0.68716 0.0206218
403.7 0.687205 0.0206666
403.8 0.687249 0.0207107
403.9 0.687293 0.020754
404 0.687336 0.0207966
404.1 0.687378 0.0208385
404.2 0.68742 0.0208796
404.3 0.687461 0.02092
404.4 0.687501 0.0209598
404.5 0.68754 0.0209988
404.6 0.687579 0.0210371
404.7 0.687617 0.0210747
404.8 0.687654 0.0211116
404.9 0.687691 0.0211478
405 0.687727 0.0211834
405.1 0.687762 0.0212182
405.2 0.687797 0.0212524
405.3 0.687831 0.021286
405.4 0.687864 0.0213188
405.5 0.687897 0.0213511
405.6 0.687929 0.0213826
405.7 0.68796 0.0214136
405.8 0.687991 0.0214438
405.9 0.688021 0.0214735
406 0.68805 0.0215025
406.1 0.688079 0.0215309
406.2 0.688107 0.0215587
406.3 0.688135 0.0215858
406.4 0.688162 0.0216124
406.5 0.688188 0.0216383
406.6 0.688214 0.0216637
406.7 0.688239 0.0216884
406.8 0.688263 0.0217126
406.9 0.688287 0.0217361
407 0.688311 0.0217591
407.1 0.688333 0.0217815
407.2 0.688356 0.0218034
407.3 0.688377 0.0218246
407.4 0.688398 0.0218453
407.5 0.688419 0.0218655
407.6 0.688439 0.0218851
407.7 0.688458 0.0219041
407.8 0.688477 0.0219226
407.9 0.688496 0.0219406
408 0.688513 0.021958
408.1 0.688531 0.0219749
408.2 0.688547 0.0219912
408.3 0.688563 0.022007
408.4 0.688579 0.0220224
408.5 0.688594 0.0220372
408.6 0.688609 0.0220514
408.7 0.688623 0.0220652
408.8 0.688637 0.0220785
408.9 0.68865 0.0220913
409 0.688662 0.0221035
409.1 0.688675 0.0221153
409.2 0.688686 0.0221266
409.3 0.688697 0.0221374
409.4 0.688708 0.0221478
409.5 0.688718 0.0221576
409.6 0.688728 0.022167
409.7 0.688737 0.022176
409.8 0.688746 0.0221844
409.9 0.688755 0.0221924
410 0.688762 0.0222
410.1 0.68877 0.0222071
410.2 0.688777 0.0222137
410.3 0.688783 0.0222199
410.4 0.68879 0.0222257
410.5 0.688795 0.022231
410.6 0.6888 0.0222359
410.7 0.688805 0.0222404
410.8 0.68881 0.0222444
410.9 0.688814 0.022248
411 0.688817 0.0222512
411.1 0.68882 0.022254
411.2 0.688823 0.0222564
411.3 0.688825 0.0222583
411.4 0.688827 0.0222599
411.5 0.688829 0.022261
411.6 0.68883 0.0222618
411.7 0.68883 0.0222622
411.8 0.688831 0.0222621
411.9 0.688831 0.0222617
412 0.68883 0.0222609
412.1 0.688829 0.0222598
412.2 0.688828 0.0222582
412.3 0.688827 0.0222563
412.4 0.688825 0.022254
412.5 0.688822 0.0222513
412.6 0.688819 0.0222483
412.7 0.688816 0.0222449
412.8 0.688813 0.0222411
412.9 0.688809 0.022237
413 0.688805 0.0222326
413.1 0.688801 0.0222278
413.2 0.688796 0.0222226
413.3 0.688791 0.0222172
413.4 0.688785 0.0222113
413.5 0.688779 0.0222052
413.6 0.688773 0.0221987
413.7 0.688767 0.0221918
413.8 0.68876 0.0221847
413.9 0.688753 0.0221772
414 0.688745 0.0221694
414.1 0.688737 0.0221613
414.2 0.688729 0.0221529
414.3 0.688721 0.0221441
414.4 0.688712 0.0221351
414.5 0.688703 0.0221257
414.6 0.688693 0.022116
414.7 0.688684 0.0221061
414.8 0.688674 0.0220958
414.9 0.688664 0.0220852
415 0.688653 0.0220744
415.1 0.688642 0.0220632
415.2 0.688631 0.0220518
415.3 0.68862 0.0220401
415.4 0.688608 0.0220281
415.5 0.688596 0.0220158
415.6 0.688584 0.0220033
415.7 0.688571 0.0219904
415.8 0.688558 0.0219773
415.9 0.688545 0.021964
416 0.688532 0.0219503
416.1 0.688518 0.0219364
416.2 0.688504 0.0219223
416.3 0.68849 0.0219079
416.4 0.688476 0.0218932
416.5 0.688461 0.0218783
416.6 0.688446 0.0218631
416.7 0.688431 0.0218477
416.8 0.688416 0.021832
416.9 0.6884 0.0218161
417 0.688384 0.0217999
417.1 0.688368 0.0217835
417.2 0.688352 0.0217669
417.3 0.688335 0.02175
417.4 0.688319 0.0217329
417.5 0.688301 0.0217156
417.6 0.688284 0.021698
417.7 0.688267 0.0216803
417.8 0.688249 0.0216623
417.9 0.688231 0.021644
418 0.688213 0.0216256
418.1 0.688194 0.0216069
418.2 0.688176 0.021588
418.3 0.688157 0.021569
418.4 0.688138 0.0215497
418.5 0.688119 0.0215302
418.6 0.688099 0.0215104
418.7 0.68808 0.0214905
418.8 0.68806 0.0214704
418.9 0.68804 0.0214501
419 0.68802 0.0214296
419.1 0.687999 0.0214089
419.2 0.687978 0.021388
419.3 0.687958 0.0213669
419.4 0.687937 0.0213456
419.5 0.687915 0.0213242
419.6 0.687894 0.0213025
419.7 0.687873 0.0212807
419.8 0.687851 0.0212587
419.9 0.687829 0.0212365
420 0.687807 0.0212141
420.1 0.687784 0.0211916
420.2 0.687762 0.0211689
420.3 0.687739 0.021146
420.4 0.687717 0.0211229
420.5 0.687694 0.0210997
420.6 0.68767 0.0210763
420.7 0.687647 0.0210528
420.8 0.687624 0.0210291
420.9 0.6876 0.0210052
421 0.687576 0.0209812
421.1 0.687552 0.020957
421.2 0.687528 0.0209326
421.3 0.687504 0.0209082
421.4 0.68748 0.0208835
421.5 0.687455 0.0208587
421.6 0.68743 0.0208338
421.7 0.687406 0.0208087
421.8 0.687381 0.0207835
421.9 0.687355 0.0207581
422 0.68733 0.0207326
422.1 0.687305 0.0207069
422.2 0.687279 0.0206811
422.3 0.687254 0.0206552
422.4 0.687228 0.0206291
422.5 0.687202 0.0206029
422.6 0.687176 0.0205766
422.7 0.687149 0.0205502
422.8 0.687123 0.0205236
422.9 0.687097 0.0204969
423 0.68707 0.0204701
423.1 0.687043 0.0204431
423.2 0.687016 0.020416
423.3 0.68699 0.0203888
423.4 0.686962 0.0203615
423.5 0.686935 0.0203341
423.6 0.686908 0.0203066
423.7 0.686881 0.0202789
423.8 0.686853 0.0202511
423.9 0.686825 0.0202232
424 0.686798 0.0201953
424.1 0.68677 0.0201672
424.2 0.686742 0.0201389
424.3 0.686714 0.0201106
424.4 0.686685 0.0200822
424.5 0.686657 0.0200537
424.6 0.686629 0.0200251
424.7 0.6866 0.0199964
424.8 0.686572 0.0199676
424.9 0.686543 0.0199386
425 0.686514 0.0199096
425.1 0.686485 0.0198805
425.2 0.686456 0.0198513
425.3 0.686427 0.0198221
425.4 0.686398 0.0197927
425.5 0.686369 0.0197632
425.6 0.68634 0.0197337
425.7 0.68631 0.019704
425.8 0.686281 0.0196743
425.9 0.686251 0.0196445
426 0.686221 0.0196146
426.1 0.686192 0.0195846
426.2 0.686162 0.0195546
426.3 0.686132 0.0195245
426.4 0.686102 0.0194942
426.5 0.686072 0.019464
426.6 0.686042 0.0194336
426.7 0.686011 0.0194032
426.8 0.685981 0.0193727
426.9 0.685951 0.0193421
427 0.68592 0.0193114
427.1 0.68589 0.0192807
427.2 0.685859 0.0192499
427.3 0.685829 0.0192191
427.4 0.685798 0.0191882
427.5 0.685767 0.0191572
427.6 0.685736 0.0191261
427.7 0.685705 0.019095
427.8 0.685674 0.0190639
427.9 0.685643 0.0190326
428 0.685612 0.0190013
428.1 0.685581 0.01897
428.2 0.68555 0.0189386
428.3 0.685519 0.0189071
428.4 0.685487 0.0188756
428.5 0.685456 0.018844
428.6 0.685425 0.0188124
428.7 0.685393 0.0187807
428.8 0.685362 0.018749
428.9 0.68533 0.0187173
429 0.685298 0.0186854
429.1 0.685267 0.0186536
429.2 0.685235 0.0186216
429.3 0.685203 0.0185897
429.4 0.685171 0.0185576
429.5 0.68514 0.0185256
429.6 0.685108 0.0184935
429.7 0.685076 0.0184614
429.8 0.685044 0.0184292
429.9 0.685012 0.018397
430 0.68498 0.0183647
430.1 0.684947 0.0183324
430.2 0.684915 0.0183001
430.3 0.684883 0.0182677
430.4 0.684851 0.0182353
430.5 0.684819 0.0182028
430.6 0.684786 0.0181703
430.7 0.684754 0.0181378
430.8 0.684722 0.0181053
430.9 0.684689 0.0180727
431 0.684657 0.0180401
431.1 0.684624 0.0180075
431.2 0.684592 0.0179748
431.3 0.684559 0.0179421
431.4 0.684527 0.0179094
431.5 0.684494 0.0178766
431.6 0.684462 0.0178439
431.7 0.684429 0.0178111
431.8 0.684396 0.0177782
431.9 0.684364 0.0177454
432 0.684331 0.0177125
432.1 0.684298 0.0176796
432.2 0.684266 0.0176467
432.3 0.684233 0.0176138
432.4 0.6842 0.0175808
432.5 0.684167 0.0175479
432.6 0.684135 0.0175149
432.7 0.684102 0.0174819
432.8 0.684069 0.0174488
432.9 0.684036 0.0174158
433 0.684003 0.0173828
433.1 0.68397 0.0173497
433.2 0.683937 0.0173166
433.3 0.683904 0.0172835
433.4 0.683871 0.0172504
433.5 0.683839 0.0172173
433.6 0.683806 0.0171842
433.7 0.683773 0.017151
433.8 0.68374 0.0171179
433.9 0.683707 0.0170847
434 0.683674 0.0170516
434.1 0.683641 0.0170184
434.2 0.683608 0.0169852
434.3 0.683575 0.016952
434.4 0.683542 0.0169188
434.5 0.683509 0.0168856
434.6 0.683476 0.0168524
434.7 0.683442 0.0168192
434.8 0.683409 0.016786
434.9 0.683376 0.0167528
435 0.683343 0.0167196
435.1 0.68331 0.0166864
435.2 0.683277 0.0166532
435.3 0.683244 0.0166199
435.4 0.683211 0.0165867
435.5 0.683178 0.0165535
435.6 0.683145 0.0165203
435.7 0.683112 0.0164871
435.8 0.683079 0.0164539
435.9 0.683046 0.0164207
436 0.683013 0.0163875
436.1 0.68298 0.0163543
436.2 0.682947 0.0163211
436.3 0.682914 0.0162879
436.4 0.682881 0.0162547
436.5 0.682848 0.0162216
436.6 0.682815 0.0161884
436.7 0.682782 0.0161552
436.8 0.682749 0.0161221
436.9 0.682716 0.0160889
437 0.682683 0.0160558
437.1 0.68265 0.0160227
437.2 0.682617 0.0159896
437.3 0.682584 0.0159565
437.4 0.682551 0.0159234
437.5 0.682518 0.0158903
437.6 0.682485 0.0158572
437.7 0.682452 0.0158242
437.8 0.682419 0.0157911
437.9 0.682386 0.0157581
438 0.682354 0.0157251
438.1 0.682321 0.0156921
438.2 0.682288 0.0156591
438.3 0.682255 0.0156261
438.4 0.682222 0.0155932
438.5 0.682189 0.0155603
438.6 0.682157 0.0155273
438.7 0.682124 0.0154944
438.8 0.682091 0.0154615
438.9 0.682058 0.0154287
439 0.682026 0.0153958
439.1 0.681993 0.015363
439.2 0.68196 0.0153302
439.3 0.681928 0.0152974
439.4 0.681895 0.0152646
439.5 0.681863 0.0152319
439.6 0.68183 0.0151991
439.7 0.681797 0.0151664
439.8 0.681765 0.0151337
439.9 0.681732 0.0151011
440 0.6817 0.0150684
440.1 0.681667 0.0150358
440.2 0.681635 0.0150032
440.3 0.681602 0.0149706
440.4 0.68157 0.0149381
440.5 0.681538 0.0149056
440.6 0.681505 0.014873
440.7 0.681473 0.0148406
440.8 0.681441 0.0148081
440.9 0.681408 0.0147757
441 0.681376 0.0147433
441.1 0.681344 0.0147109
441.2 0.681312 0.0146786
441.3 0.681279 0.0146462
441.4 0.681247 0.014614
441.5 0.681215 0.0145817
441.6 0.681183 0.0145494
441.7 0.681151 0.0145172
441.8 0.681119 0.0144851
441.9 0.681087 0.0144529
442 0.681055 0.0144208
442.1 0.681023 0.0143887
442.2 0.680991 0.0143566
442.3 0.680959 0.0143246
442.4 0.680927 0.0142926
442.5 0.680895 0.0142606
442.6 0.680864 0.0142287
442.7 0.680832 0.0141968
442.8 0.6808 0.0141649
442.9 0.680768 0.014133
443 0.680737 0.0141012
443.1 0.680705 0.0140694
443.2 0.680673 0.0140377
443.3 0.680642 0.014006
443.4 0.68061 0.0139743
443.5 0.680579 0.0139426
443.6 0.680547 0.013911
443.7 0.680516 0.0138794
443.8 0.680484 0.0138479
443.9 0.680453 0.0138164
444 0.680422 0.0137849
444.1 0.68039 0.0137535
444.2 0.680359 0.013722
444.3 0.680328 0.0136907
444.4 0.680297 0.0136593
444.5 0.680265 0.013628
444.6 0.680234 0.0135968
444.7 0.680203 0.0135655
444.8 0.680172 0.0135343
444.9 0.680141 0.0135032
445 0.68011 0.0134721
445.1 0.680079 0.013441
445.2 0.680048 0.01341
445.3 0.680017 0.0133789
445.4 0.679986 0.013348
445.5 0.679956 0.0133171
445.6 0.679925 0.0132862
445.7 0.679894 0.0132553
445.8 0.679863 0.0132245
445.9 0.679833 0.0131937
446 0.679802 0.013163
446.1 0.679772 0.0131323
446.2 0.679741 0.0131016
446.3 0.679711 0.013071
446.4 0.67968 0.0130404
446.5 0.67965 0.0130099
446.6 0.679619 0.0129794
446.7 0.679589 0.012949
446.8 0.679559 0.0129185
446.9 0.679528 0.0128882
447 0.679498 0.0128578
447.1 0.679468 0.0128276
447.2 0.679438 0.0127973
447.3 0.679408 0.0127671
447.4 0.679378 0.0127369
447.5 0.679348 0.0127068
447.6 0.679318 0.0126767
447.7 0.679288 0.0126467
447.8 0.679258 0.0126167
447.9 0.679228 0.0125867
448 0.679198 0.0125568
448.1 0.679169 0.012527
448.2 0.679139 0.0124971
448.3 0.679109 0.0124673
448.4 0.67908 0.0124376
448.5 0.67905 0.0124079
448.6 0.67902 0.0123783
448.7 0.678991 0.0123486
448.8 0.678961 0.0123191
448.9 0.678932 0.0122896
449 0.678903 0.0122601
449.1 0.678873 0.0122307
449.2 0.678844 0.0122013
449.3 0.678815 0.0121719
449.4 0.678786 0.0121426
449.5 0.678756 0.0121134
449.6 0.678727 0.0120842
449.7 0.678698 0.012055
449.8 0.678669 0.0120259
449.9 0.67864 0.0119968
450 0.678611 0.0119678
450.1 0.678583 0.0119388
450.2 0.678554 0.0119099
450.3 0.678525 0.011881
450.4 0.678496 0.0118521
450.5 0.678467 0.0118233
450.6 0.678439 0.0117946
450.7 0.67841 0.0117659
450.8 0.678382 0.0117372
450.9 0.678353 0.0117086
451 0.678325 0.01168
451.1 0.678296 0.0116515
451.2 0.678268 0.011623
451.3 0.67824 0.0115946
451.4 0.678211 0.0115662
451.5 0.678183 0.0115379
451.6 0.678155 0.0115096
451.7 0.678127 0.0114813
451.8 0.678099 0.0114531
451.9 0.678071 0.011425
452 0.678043 0.0113969
452.1 0.678015 0.0113688
452.2 0.677987 0.0113408
452.3 0.677959 0.0113129
452.4 0.677931 0.011285
452.5 0.677903 0.0112571
452.6 0.677876 0.0112293
452.7 0.677848 0.0112015
452.8 0.67782 0.0111738
452.9 0.677793 0.0111461
453 0.677765 0.0111185
453.1 0.677738 0.0110909
453.2 0.67771 0.0110634
453.3 0.677683 0.0110359
453.4 0.677656 0.0110085
453.5 0.677628 0.0109811
453.6 0.677601 0.0109538
453.7 0.677574 0.0109265
453.8 0.677547 0.0108993
453.9 0.67752 0.0108721
454 0.677493 0.0108449
454.1 0.677466 0.0108178
454.2 0.677439 0.0107908
454.3 0.677412 0.0107638
454.4 0.677385 0.0107368
454.5 0.677358 0.0107099
454.6 0.677331 0.0106831
454.7 0.677305 0.0106563
454.8 0.677278 0.0106296
454.9 0.677251 0.0106029
455 0.677225 0.0105762
455.1 0.677198 0.0105496
455.2 0.677172 0.010523
455.3 0.677145 0.0104965
455.4 0.677119 0.0104701
455.5 0.677093 0.0104437
455.6 0.677066 0.0104173
455.7 0.67704 0.010391
455.8 0.677014 0.0103648
455.9 0.676988 0.0103385
456 0.676962 0.0103124
456.1 0.676936 0.0102863
456.2 0.67691 0.0102602
456.3 0.676884 0.0102342
456.4 0.676858 0.0102082
456.5 0.676832 0.0101823
456.6 0.676806 0.0101565
456.7 0.676781 0.0101306
456.8 0.676755 0.0101049
456.9 0.676729 0.0100792
457 0.676704 0.0100535
457.1 0.676678 0.0100279
457.2 0.676653 0.0100023
457.3 0.676627 0.0099768
457.4 0.676602 0.00995133
457.5 0.676577 0.00992591
457.6 0.676551 0.00990054
457.7 0.676526 0.00987522
457.8 0.676501 0.00984995
457.9 0.676476 0.00982473
458 0.676451 0.00979957
458.1 0.676426 0.00977445
458.2 0.676401 0.00974938
458.3 0.676376 0.00972436
458.4 0.676351 0.00969939
458.5 0.676326 0.00967446
458.6 0.676301 0.00964959
458.7 0.676276 0.00962477
458.8 0.676252 0.0096
458.9 0.676227 0.00957528
459 0.676203 0.00955061
459.1 0.676178 0.00952598
459.2 0.676153 0.00950141
459.3 0.676129 0.00947688
459.4 0.676105 0.0094524
459.5 0.67608 0.00942798
459.6 0.676056 0.00940361
459.7 0.676032 0.00937928
459.8 0.676008 0.00935501
459.9 0.675983 0.00933078
460 0.675959 0.0093066
460.1 0.675935 0.00928248
460.2 0.675911 0.0092584
460.3 0.675887 0.00923437
460.4 0.675863 0.00921039
460.5 0.67584 0.00918646
460.6 0.675816 0.00916258
460.7 0.675792 0.00913876
460.8 0.675768 0.00911498
460.9 0.675745 0.00909124
461 0.675721 0.00906756
461.1 0.675697 0.00904393
461.2 0.675674 0.00902035
461.3 0.67565 0.00899682
461.4 0.675627 0.00897334
461.5 0.675604 0.0089499
461.6 0.67558 0.00892651
461.7 0.675557 0.00890318
461.8 0.675534 0.00887989
461.9 0.675511 0.00885666
462 0.675488 0.00883347
462.1 0.675465 0.00881033
462.2 0.675442 0.00878724
462.3 0.675419 0.00876419
462.4 0.675396 0.00874121
462.5 0.675373 0.00871827
462.6 0.67535 0.00869538
462.7 0.675327 0.00867253
462.8 0.675305 0.00864973
462.9 0.675282 0.00862699
463 0.675259 0.00860429
463.1 0.675237 0.00858164
463.2 0.675214 0.00855905
463.3 0.675192 0.0085365
463.4 0.675169 0.00851399
463.5 0.675147 0.00849154
463.6 0.675124 0.00846913
463.7 0.675102 0.00844678
463.8 0.67508 0.00842447
463.9 0.675058 0.00840221
464 0.675036 0.00838
464.1 0.675014 0.00835785
464.2 0.674991 0.00833574
464.3 0.674969 0.00831367
464.4 0.674948 0.00829166
464.5 0.674926 0.00826969
464.6 0.674904 0.00824777
464.7 0.674882 0.00822589
464.8 0.67486 0.00820407
464.9 0.674839 0.0081823
465 0.674817 0.00816058
465.1 0.674795 0.0081389
465.2 0.674774 0.00811727
465.3 0.674752 0.00809569
465.4 0.674731 0.00807416
465.5 0.674709 0.00805267
465.6 0.674688 0.00803123
465.7 0.674667 0.00800984
465.8 0.674645 0.0079885
465.9 0.674624 0.00796721
466 0.674603 0.00794596
466.1 0.674582 0.00792476
466.2 0.674561 0.00790361
466.3 0.67454 0.00788251
466.4 0.674519 0.00786146
466.5 0.674498 0.00784045
466.6 0.674477 0.00781949
466.7 0.674456 0.00779857
466.8 0.674435 0.00777771
466.9 0.674414 0.00775689
467 0.674394 0.00773612
467.1 0.674373 0.0077154
467.2 0.674352 0.00769472
467.3 0.674332 0.00767409
467.4 0.674311 0.00765351
467.5 0.674291 0.00763297
467.6 0.67427 0.00761249
467.7 0.67425 0.00759204
467.8 0.67423 0.00757165
467.9 0.674209 0.0075513
468 0.674189 0.007531
468.1 0.674169 0.00751075
468.2 0.674149 0.00749054
468.3 0.674129 0.00747038
468.4 0.674109 0.00745026
468.5 0.674089 0.0074302
468.6 0.674069 0.00741017
468.7 0.674049 0.0073902
468.8 0.674029 0.00737027
468.9 0.674009 0.00735039
469 0.673989 0.00733055
469.1 0.67397 0.00731076
469.2 0.67395 0.00729102
469.3 0.67393 0.00727132
469.4 0.673911 0.00725167
469.5 0.673891 0.00723206
469.6 0.673872 0.0072125
469.7 0.673852 0.00719298
469.8 0.673833 0.00717351
469.9 0.673813 0.00715409
470 0.673794 0.00713471
470.1 0.673775 0.00711538
470.2 0.673756 0.00709609
470.3 0.673736 0.00707685
470.4 0.673717 0.00705766
470.5 0.673698 0.00703851
470.6 0.673679 0.0070194
470.7 0.67366 0.00700034
470.8 0.673641 0.00698132
470.9 0.673622 0.00696236
471 0.673603 0.00694343
471.1 0.673585 0.00692455
471.2 0.673566 0.00690571
471.3 0.673547 0.00688692
471.4 0.673528 0.00686818
471.5 0.67351 0.00684948
471.6 0.673491 0.00683082
471.7 0.673473 0.00681221
471.8 0.673454 0.00679364
471.9 0.673436 0.00677511
472 0.673417 0.00675664
472.1 0.673399 0.0067382
472.2 0.67338 0.00671981
472.3 0.673362 0.00670147
472.4 0.673344 0.00668316
472.5 0.673326 0.0066649
472.6 0.673308 0.00664668
472.7 0.673289 0.00662851
472.8 0.673271 0.00661039
472.9 0.673253 0.00659231
473 0.673235 0.00657427
473.1 0.673217 0.00655627
473.2 0.673199 0.00653832
473.3 0.673182 0.00652041
473.4 0.673164 0.00650254
473.5 0.673146 0.00648472
473.6 0.673128 0.00646694
473.7 0.673111 0.0064492
473.8 0.673093 0.00643151
473.9 0.673075 0.00641387
474 0.673058 0.00639626
474.1 0.67304 0.00637869
474.2 0.673023 0.00636117
474.3 0.673005 0.00634369
474.4 0.672988 0.00632626
474.5 0.672971 0.00630887
474.6 0.672953 0.00629152
474.7 0.672936 0.00627421
474.8 0.672919 0.00625694
474.9 0.672902 0.00623972
475 0.672885 0.00622254
475.1 0.672868 0.0062054
475.2 0.67285 0.00618831
475.3 0.672833 0.00617125
475.4 0.672816 0.00615423
475.5 0.6728 0.00613726
475.6 0.672783 0.00612034
475.7 0.672766 0.00610346
475.8 0.672749 0.00608661
475.9 0.672732 0.00606981
476 0.672716 0.00605304
476.1 0.672699 0.00603632
476.2 0.672682 0.00601964
476.3 0.672666 0.006003
476.4 0.672649 0.00598641
476.5 0.672633 0.00596986
476.6 0.672616 0.00595335
476.7 0.6726 0.00593687
476.8 0.672583 0.00592044
476.9 0.672567 0.00590405
477 0.672551 0.0058877
477.1 0.672534 0.00587139
477.2 0.672518 0.00585512
477.3 0.672502 0.00583889
477.4 0.672486 0.00582271
477.5 0.67247 0.00580656
477.6 0.672454 0.00579045
477.7 0.672438 0.00577438
477.8 0.672422 0.00575836
477.9 0.672406 0.00574237
478 0.67239 0.00572643
478.1 0.672374 0.00571052
478.2 0.672358 0.00569466
478.3 0.672342 0.00567883
478.4 0.672327 0.00566305
478.5 0.672311 0.0056473
478.6 0.672295 0.00563159
478.7 0.67228 0.00561592
478.8 0.672264 0.0056003
478.9 0.672249 0.00558471
479 0.672233 0.00556917
479.1 0.672218 0.00555366
479.2 0.672202 0.00553818
479.3 0.672187 0.00552275
479.4 0.672171 0.00550736
479.5 0.672156 0.00549201
479.6 0.672141 0.0054767
479.7 0.672126 0.00546142
479.8 0.67211 0.00544619
479.9 0.672095 0.00543099
480 0.67208 0.00541583
480.1 0.672065 0.00540071
480.2 0.67205 0.00538563
480.3 0.672035 0.00537059
480.4 0.67202 0.00535558
480.5 0.672005 0.00534061
480.6 0.67199 0.00532568
480.7 0.671975 0.00531079
480.8 0.671961 0.00529595
480.9 0.671946 0.00528113
481 0.671931 0.00526636
481.1 0.671916 0.00525162
481.2 0.671902 0.00523692
481.3 0.671887 0.00522225
481.4 0.671873 0.00520763
481.5 0.671858 0.00519304
481.6 0.671844 0.00517849
481.7 0.671829 0.00516398
481.8 0.671815 0.0051495
481.9 0.6718 0.00513506
482 0.671786 0.00512066
482.1 0.671772 0.0051063
482.2 0.671757 0.00509197
482.3 0.671743 0.00507768
482.4 0.671729 0.00506343
482.5 0.671715 0.00504921
482.6 0.6717 0.00503503
482.7 0.671686 0.00502089
482.8 0.671672 0.00500678
482.9 0.671658 0.00499271
483 0.671644 0.00497868
483.1 0.67163 0.00496468
483.2 0.671616 0.00495072
483.3 0.671602 0.00493679
483.4 0.671589 0.00492291
483.5 0.671575 0.00490906
483.6 0.671561 0.00489524
483.7 0.671547 0.00488145
483.8 0.671534 0.00486771
483.9 0.67152 0.004854
484 0.671506 0.00484033
484.1 0.671493 0.00482669
484.2 0.671479 0.00481309
484.3 0.671466 0.00479952
484.4 0.671452 0.00478598
484.5 0.671439 0.00477249
484.6 0.671425 0.00475903
484.7 0.671412 0.0047456
484.8 0.671398 0.00473221
484.9 0.671385 0.00471886
485 0.671372 0.00470554
485.1 0.671359 0.00469225
485.2 0.671345 0.004679
485.3 0.671332 0.00466579
485.4 0.671319 0.0046526
