0.3 0 -300.154
0.4 0 -299.779
0.5 0 -299.403
0.6 0 -299.026
0.7 0 -298.648
0.8 0 -298.269
0.9 0 -297.888
1 0 -297.507
1.1 0 -297.124
1.2 0 -296.741
1.3 0 -296.356
1.4 0 -295.97
1.5 0 -295.583
1.6 0 -295.195
1.7 0 -294.806
1.8 0 -294.416
1.9 0 -294.024
2 0 -293.632
2.1 0 -293.238
2.2 0 -292.844
2.3 0 -292.448
2.4 0 -292.052
2.5 0 -291.654
2.6 0 -291.255
2.7 0 -290.855
2.8 0 -290.454
2.9 0 -290.052
3 0 -289.649
3.1 0 -289.244
3.2 0 -288.839
3.3 0 -288.433
3.4 0 -288.025
3.5 0 -287.617
3.6 0 -287.207
3.7 0 -286.796
3.8 0 -286.385
3.9 0 -285.972
4 0 -285.558
4.1 0 -285.143
4.2 0 -284.727
4.3 0 -284.31
4.4 0 -283.892
4.5 0 -283.473
4.6 0 -283.053
4.7 0 -282.632
4.8 0 -282.21
4.9 0 -281.786
5 0 -281.362
5.1 0 -280.937
5.2 0 -280.51
5.3 0 -280.083
5.4 0 -279.655
5.5 0 -279.225
5.6 0 -278.795
5.7 0 -278.363
5.8 0 -277.931
5.9 0 -277.497
6 0 -277.062
6.1 0 -276.627
6.2 0 -276.19
6.3 0 -275.753
6.4 0 -275.314
6.5 0 -274.874
6.6 0 -274.434
6.7 0 -273.992
6.8 0 -273.549
6.9 0 -273.106
7 0 -272.661
7.1 0 -272.215
7.2 0 -271.768
7.3 0 -271.321
7.4 0 -270.872
7.5 0 -270.422
7.6 0 -269.972
7.7 0 -269.52
7.8 0 -269.067
7.9 0 -268.614
8 0 -268.159
8.1 0 -267.703
8.2 0 -267.247
8.3 0 -266.789
8.4 0 -266.331
8.5 0 -265.871
8.6 0 -265.41
8.7 0 -264.949
8.8 0 -264.487
8.9 0 -264.023
9 0 -263.559
9.1 0 -263.093
9.2 0 -262.627
9.3 0 -262.16
9.4 0 -261.691
9.5 0 -261.222
9.6 0 -260.752
9.7 0 -260.281
9.8 0 -259.809
9.9 0 -259.336
10 0 -258.862
10.1 0 -258.387
10.2 0 -257.911
10.3 0 -257.434
10.4 0 -256.957
10.5 0 -256.478
10.6 0 -255.998
10.7 0 -255.518
10.8 0 -255.036
10.9 0 -254.554
11 0 -254.07
11.1 0 -253.586
11.2 0 -253.101
11.3 0 -252.615
11.4 0 -252.128
11.5 0 -251.64
11.6 0 -251.151
11.7 0 -250.661
11.8 0 -250.171
11.9 0 -249.679
12 0 -249.186
12.1 0 -248.693
12.2 0 -248.199
12.3 0 -247.703
12.4 0 -247.207
12.5 0 -246.71
12.6 0 -246.212
12.7 0 -245.714
12.8 0 -245.214
12.9 0 -244.713
13 0 -244.212
13.1 0 -243.709
13.2 0 -243.206
13.3 0 -242.702
13.4 0 -242.197
13.5 0 -241.691
13.6 0 -241.184
13.7 0 -240.677
13.8 0 -240.168
13.9 0 -239.659
14 0 -239.149
14.1 0 -238.637
14.2 0 -238.125
14.3 0 -237.613
14.4 0 -237.099
14.5 0 -236.584
14.6 0 -236.069
14.7 0 -235.553
14.8 0 -235.036
14.9 0 -234.518
15 0 -233.999
15.1 0 -233.479
15.2 0 -232.959
15.3 0 -232.438
15.4 0 -231.915
15.5 0 -231.392
15.6 0 -230.869
15.7 0 -230.344
15.8 0 -229.819
15.9 0 -229.292
16 0 -228.765
16.1 0 -228.237
16.2 0 -227.708
16.3 0 -227.179
16.4 0 -226.649
16.5 0 -226.117
16.6 0 -225.585
16.7 0 -225.053
16.8 0 -224.519
16.9 0 -223.985
17 0 -223.449
17.1 0 -222.913
17.2 0 -222.377
17.3 0 -221.839
17.4 0 -221.301
17.5 0 -220.761
17.6 0 -220.221
17.7 0 -219.681
17.8 0 -219.139
17.9 0 -218.597
18 0 -218.054
18.1 0 -217.51
18.2 0 -216.965
18.3 0 -216.42
18.4 0 -215.874
18.5 0 -215.327
18.6 0 -214.779
18.7 0 -214.231
18.8 0 -213.682
18.9 0 -213.132
19 0 -212.581
19.1 0 -212.03
19.2 0 -211.824
19.3 0 -211.618
19.4 0 -211.413
19.5 0 -211.208
19.6 0 -211.003
19.7 0 -210.798
19.8 0 -210.594
19.9 0 -210.389
20 0 -210.185
20.1 0 -209.981
20.2 0 -209.778
20.3 0 -209.574
20.4 0 -209.371
20.5 0 -209.168
20.6 0 -208.965
20.7 0 -208.763
20.8 0 -208.56
20.9 0 -208.358
21 0 -208.156
21.1 0 -207.954
21.2 0 -207.753
21.3 0 -207.551
21.4 0 -207.35
21.5 0 -207.149
21.6 0 -206.948
21.7 0 -206.748
21.8 0 -206.547
21.9 0 -206.347
22 0 -206.147
22.1 0 -205.947
22.2 0 -205.748
22.3 0 -205.548
22.4 0 -205.349
22.5 0 -205.15
22.6 0 -204.951
22.7 0 -204.752
22.8 0 -204.553
22.9 0 -204.355
23 0 -204.156
23.1 0 -203.958
23.2 0 -203.76
23.3 0 -203.563
23.4 0 -203.365
23.5 0 -203.168
23.6 0 -202.97
23.7 0 -202.773
23.8 0 -202.576
23.9 0 -202.38
24 0 -202.183
24.1 0 -201.987
24.2 0 -201.79
24.3 0 -201.594
24.4 0 -201.398
24.5 0 -201.203
24.6 0 -201.007
24.7 0 -200.811
24.8 0 -200.616
24.9 0 -200.421
25 0 -200.226
25.1 0 -200.031
25.2 0 -199.836
25.3 0 -199.642
25.4 0 -199.447
25.5 0 -199.253
25.6 0 -199.059
25.7 0 -198.865
25.8 0 -198.671
25.9 0 -198.477
26 0 -198.284
26.1 0 -198.09
26.2 0 -197.897
26.3 0 -197.704
26.4 0 -197.511
26.5 0 -197.318
26.6 0 -197.125
26.7 0 -196.933
26.8 0 -196.74
26.9 0 -196.548
27 0 -196.356
27.1 0 -196.164
27.2 0 -195.972
27.3 0 -195.78
27.4 0 -195.588
27.5 0 -195.397
27.6 0 -195.205
27.7 0 -195.014
27.8 0 -194.823
27.9 0 -194.632
28 0 -194.441
28.1 0 -194.25
28.2 0 -194.06
28.3 0 -193.869
28.4 0 -193.679
28.5 0 -193.489
28.6 0 -193.298
28.7 0 -193.108
28.8 0 -192.918
28.9 0 -192.729
29 0 -192.539
29.1 0 -192.349
29.2 0 -192.16
29.3 0 -191.971
29.4 0 -191.781
29.5 0 -191.592
29.6 0 -191.403
29.7 0 -191.214
29.8 0 -191.026
29.9 0 -190.837
30 0 -190.648
30.1 0 -190.46
30.2 0 -190.272
30.3 0 -190.084
30.4 0 -189.895
30.5 0 -189.707
30.6 0 -189.52
30.7 0 -189.332
30.8 0 -189.144
30.9 0 -188.957
31 0 -188.769
31.1 0 -188.582
31.2 0 -188.394
31.3 0 -188.207
31.4 0 -188.02
31.5 0 -187.833
31.6 0 -187.647
31.7 0 -187.46
31.8 0 -187.273
31.9 0 -187.087
32 0 -186.9
32.1 0 -186.714
32.2 0 -186.528
32.3 0 -186.341
32.4 0 -186.155
32.5 0 -185.969
32.6 0 -185.784
32.7 0 -185.598
32.8 0 -185.412
32.9 0 -185.227
33 0 -185.041
33.1 0 -184.856
33.2 0 -184.671
33.3 0 -184.485
33.4 0 -184.3
33.5 0 -184.115
33.6 0 -183.93
33.7 0 -183.746
33.8 0 -183.561
33.9 0 -183.376
34 0 -183.192
34.1 0 -183.007
34.2 0 -182.823
34.3 0 -182.639
34.4 0 -182.454
34.5 0 -182.27
34.6 0 -182.086
34.7 0 -181.902
34.8 0 -181.718
34.9 0 -181.535
35 0 -181.351
35.1 0 -181.167
35.2 0 -180.984
35.3 0 -180.801
35.4 0 -180.617
35.5 0 -180.434
35.6 0 -180.251
35.7 0 -180.068
35.8 0 -179.885
35.9 0 -179.702
36 0 -179.519
36.1 0 -179.336
36.2 0 -179.154
36.3 0 -178.971
36.4 0 -178.788
36.5 0 -178.606
36.6 0 -178.424
36.7 0 -178.241
36.8 0 -178.059
36.9 0 -177.877
37 0 -177.695
37.1 0 -177.513
37.2 0 -177.331
37.3 0 -177.149
37.4 0 -176.968
37.5 0 -176.786
37.6 0 -176.605
37.7 0 -176.423
37.8 0 -176.242
37.9 0 -176.06
38 0 -175.879
38.1 0 -175.698
38.2 0 -175.517
38.3 0 -175.336
38.4 0 -175.155
38.5 0 -174.974
38.6 0 -174.793
38.7 0 -174.612
38.8 0 -174.432
38.9 0 -174.251
39 0 -174.07
39.1 0 -173.89
39.2 0 -173.71
39.3 0 -173.529
39.4 0 -173.349
39.5 0 -173.169
39.6 0 -172.989
39.7 0 -172.809
39.8 0 -172.629
39.9 0 -172.449
40 0 -172.269
40.1 0 -172.089
40.2 0 -171.91
40.3 0 -171.73
40.4 0 -171.551
40.5 0 -171.371
40.6 0 -171.192
40.7 0 -171.012
40.8 0 -170.833
40.9 0 -170.654
41 0 -170.475
41.1 0 -170.296
41.2 0 -170.117
41.3 0 -169.938
41.4 0 -169.759
41.5 0 -169.58
41.6 0 -169.401
41.7 0 -169.223
41.8 0 -169.044
41.9 0 -168.866
42 0 -168.687
42.1 0 -168.509
42.2 0 -168.33
42.3 0 -168.152
42.4 0 -167.974
42.5 0 -167.796
42.6 0 -167.618
42.7 0 -167.44
42.8 0 -167.262
42.9 0 -167.084
43 0 -166.906
43.1 0 -166.728
43.2 0 -166.55
43.3 0 -166.373
43.4 0 -166.195
43.5 0 -166.018
43.6 0 -165.84
43.7 0 -165.663
43.8 0 -165.485
43.9 0 -165.308
44 0 -165.131
44.1 0 -164.954
44.2 0 -164.777
44.3 0 -164.6
44.4 0 -164.423
44.5 0 -164.246
44.6 0 -164.069
44.7 0 -163.892
44.8 0 -163.715
44.9 0 -163.539
45 0 -163.362
45.1 0 -163.186
45.2 0 -163.009
45.3 0 -162.833
45.4 0 -162.656
45.5 0 -162.48
45.6 0 -162.304
45.7 0 -162.128
45.8 0 -161.951
45.9 0 -161.775
46 0 -161.599
46.1 0 -161.423
46.2 0 -161.248
46.3 0 -161.072
46.4 0 -160.896
46.5 0 -160.72
46.6 0 -160.544
46.7 0 -160.369
46.8 0 -160.193
46.9 0 -160.018
47 0 -159.842
47.1 0 -159.667
47.2 0 -159.492
47.3 0 -159.316
47.4 0 -159.141
47.5 0 -158.966
47.6 0 -158.791
47.7 0 -158.616
47.8 0 -158.441
47.9 0 -158.266
48 0 -158.091
48.1 0 -157.916
48.2 0 -157.741
48.3 0 -157.567
48.4 0 -157.392
48.5 0 -157.217
48.6 0 -157.043
48.7 0 -156.868
48.8 0 -156.694
48.9 0 -156.52
49 0 -156.345
49.1 0 -156.171
49.2 0 -155.997
49.3 0 -155.823
49.4 0 -155.648
49.5 0 -155.474
49.6 0 -155.3
49.7 0 -155.126
49.8 0 -154.953
49.9 0 -154.779
50 0 -154.605
50.1 0 -154.431
50.2 0 -154.257
50.3 0 -154.084
50.4 0 -153.91
50.5 0 -153.737
50.6 0 -153.563
50.7 0 -153.39
50.8 0 -153.216
50.9 0 -153.043
51 0 -152.87
51.1 0 -152.697
51.2 0 -152.523
51.3 0 -152.35
51.4 0 -152.177
51.5 0 -152.004
51.6 0 -151.831
51.7 0 -151.658
51.8 0 -151.486
51.9 0 -151.313
52 0 -151.14
52.1 0 -150.967
52.2 0 -150.795
52.3 0 -150.622
52.4 0 -150.449
52.5 0 -150.277
52.6 0 -150.105
52.7 0 -149.932
52.8 0 -149.76
52.9 0 -149.587
53 0 -149.415
53.1 0 -149.243
53.2 0 -149.071
53.3 0 -148.899
53.4 0 -148.727
53.5 0 -148.555
53.6 0 -148.383
53.7 0 -148.211
53.8 0 -148.039
53.9 0 -147.867
54 0 -147.696
54.1 0 -147.524
54.2 0 -147.352
54.3 0 -147.181
54.4 0 -147.009
54.5 0 -146.838
54.6 0 -146.666
54.7 0 -146.495
54.8 0 -146.323
54.9 0 -146.152
55 0 -145.981
55.1 0 -145.81
55.2 0 -145.639
55.3 0 -145.467
55.4 0 -145.296
55.5 0 -145.125
55.6 0 -144.954
55.7 0 -144.784
55.8 0 -144.613
55.9 0 -144.442
56 0 -144.271
56.1 0 -144.1
56.2 0 -143.93
56.3 0 -143.759
56.4 0 -143.589
56.5 0 -143.418
56.6 0 -143.248
56.7 0 -143.077
56.8 0 -142.907
56.9 0 -142.736
57 0 -142.566
57.1 0 -142.396
57.2 0 -142.226
57.3 0 -142.056
57.4 0 -141.885
57.5 0 -141.715
57.6 0 -141.545
57.7 0 -141.375
57.8 0 -141.206
57.9 0 -141.036
58 0 -140.866
58.1 0 -140.696
58.2 0 -140.526
58.3 0 -140.357
58.4 0 -140.187
58.5 0 -140.018
58.6 0 -139.848
58.7 0 -139.679
58.8 0 -139.509
58.9 0 -139.34
59 0 -139.17
59.1 0 -139.001
59.2 0 -138.832
59.3 0 -138.663
59.4 0 -138.494
59.5 0 -138.324
59.6 0 -138.155
59.7 0 -137.986
59.8 0 -137.817
59.9 0 -137.649
60 0 -137.48
60.1 0 -137.311
60.2 0 -137.142
60.3 0 -136.973
60.4 0 -136.805
60.5 0 -136.636
60.6 0 -136.467
60.7 0 -136.299
60.8 0 -136.13
60.9 0 -135.962
61 0 -135.793
61.1 0 -135.625
61.2 0 -135.457
61.3 0 -135.288
61.4 0 -135.12
61.5 0 -134.952
61.6 0 -134.784
61.7 0 -134.616
61.8 0 -134.448
61.9 0 -134.28
62 0 -134.112
62.1 0 -133.944
62.2 0 -133.776
62.3 0 -133.608
62.4 0 -133.44
62.5 0 -133.273
62.6 0 -133.105
62.7 0 -132.937
62.8 0 -132.77
62.9 0 -132.602
63 0 -132.435
63.1 0 -132.267
63.2 0 -132.1
63.3 0 -131.932
63.4 0 -131.765
63.5 0 -131.598
63.6 0 -131.431
63.7 0 -131.263
63.8 0 -131.096
63.9 0 -130.929
64 0 -130.762
64.1 0 -130.595
64.2 0 -130.428
64.3 0 -130.261
64.4 0 -130.094
64.5 0 -129.927
64.6 0 -129.761
64.7 0 -129.594
64.8 0 -129.427
64.9 0 -129.26
65 0 -129.094
65.1 0 -128.927
65.2 0 -128.761
65.3 0 -128.594
65.4 0 -128.428
65.5 0 -128.261
65.6 0 -128.095
65.7 0 -127.929
65.8 0 -127.762
65.9 0 -127.596
66 0 -127.43
66.1 0 -127.264
66.2 0 -127.098
66.3 0 -126.932
66.4 0 -126.766
66.5 0 -126.6
66.6 0 -126.434
66.7 0 -126.268
66.8 0 -126.102
66.9 0 -125.936
67 0 -125.77
67.1 0 -125.605
67.2 0 -125.439
67.3 0 -125.273
67.4 0 -125.108
67.5 0 -124.942
67.6 0 -124.777
67.7 0 -124.611
67.8 0 -124.446
67.9 0 -124.281
68 0 -124.115
68.1 0 -123.95
68.2 0 -123.785
68.3 0 -123.62
68.4 0 -123.455
68.5 0 -123.289
68.6 0 -123.124
68.7 0 -122.959
68.8 0 -122.794
68.9 0 -122.629
69 0 -122.465
69.1 0 -122.3
69.2 0 -122.135
69.3 0 -121.97
69.4 0 -121.805
69.5 0 -121.641
69.6 0 -121.476
69.7 0 -121.311
69.8 0 -121.147
69.9 0 -120.982
70 0 -120.818
70.1 0 -120.654
70.2 0 -120.489
70.3 0 -120.325
70.4 0 -120.161
70.5 0 -119.996
70.6 0 -119.832
70.7 0 -119.668
70.8 0 -119.504
70.9 0 -119.34
71 0 -119.176
71.1 0 -119.012
71.2 0 -118.848
71.3 0 -118.684
71.4 0 -118.52
71.5 0 -118.356
71.6 0 -118.192
71.7 0 -118.029
71.8 0 -117.865
71.9 0 -117.701
72 0 -117.538
72.1 0 -117.374
72.2 0 -117.21
72.3 0 -117.047
72.4 0 -116.883
72.5 0 -116.72
72.6 0 -116.557
72.7 0 -116.393
72.8 0 -116.23
72.9 0 -116.067
73 0 -115.904
73.1 0 -115.74
73.2 0 -115.577
73.3 0 -115.414
73.4 0 -115.251
73.5 0 -115.088
73.6 0 -114.925
73.7 0 -114.762
73.8 0 -114.599
73.9 0 -114.437
74 0 -114.274
74.1 0 -114.111
74.2 0 -113.948
74.3 0 -113.786
74.4 0 -113.623
74.5 0 -113.46
74.6 0 -113.298
74.7 0 -113.135
74.8 0 -112.973
74.9 0 -112.81
75 0 -112.648
75.1 0 -112.486
75.2 0 -112.323
75.3 0 -112.161
75.4 0 -111.999
75.5 0 -111.837
75.6 0 -111.675
75.7 0 -111.513
75.8 0 -111.351
75.9 0 -111.189
76 0 -111.027
76.1 0 -110.865
76.2 0 -110.703
76.3 0 -110.541
76.4 0 -110.379
76.5 0 -110.217
76.6 0 -110.056
76.7 0 -109.894
76.8 0 -109.732
76.9 0 -109.571
77 0 -109.409
77.1 0 -109.248
77.2 0 -109.086
77.3 0 -108.925
77.4 0 -108.763
77.5 0 -108.602
77.6 0 -108.44
77.7 0 -108.279
77.8 0 -108.118
77.9 0 -107.957
78 0 -107.796
78.1 0 -107.634
78.2 0 -107.473
78.3 0 -107.312
78.4 0 -107.151
78.5 0 -106.99
78.6 0 -106.829
78.7 0 -106.669
78.8 0 -106.508
78.9 0 -106.347
79 0 -106.186
79.1 0 -106.025
79.2 0 -105.865
79.3 0 -105.704
79.4 0 -105.544
79.5 0 -105.383
79.6 0 -105.222
79.7 0 -105.062
79.8 0 -104.902
79.9 0 -104.741
80 0 -104.581
80.1 0 -104.42
80.2 0 -104.26
80.3 0 -104.1
80.4 0 -103.94
80.5 0 -103.78
80.6 0 -103.619
80.7 0 -103.459
80.8 0 -103.299
80.9 0 -103.139
81 0 -102.979
81.1 0 -102.819
81.2 0 -102.659
81.3 0 -102.5
81.4 0 -102.34
81.5 0 -102.18
81.6 0 -102.02
81.7 0 -101.861
81.8 0 -101.701
81.9 0 -101.541
82 0 -101.382
82.1 0 -101.222
82.2 0 -101.063
82.3 0 -100.903
82.4 0 -100.744
82.5 0 -100.585
82.6 0 -100.425
82.7 0 -100.266
82.8 0 -100.107
82.9 0 -99.9475
83 0 -99.7883
83.1 0 -99.6292
83.2 0 -99.4701
83.3 0 -99.311
83.4 0 -99.152
83.5 0 -98.993
83.6 0 -98.834
83.7 0 -98.6751
83.8 0 -98.5163
83.9 0 -98.3575
84 0 -98.1987
84.1 0 -98.0399
84.2 0 -97.8812
84.3 0 -97.7225
84.4 0 -97.5639
84.5 0 -97.4053
84.6 0 -97.2468
84.7 0 -97.0882
84.8 0 -96.9298
84.9 0 -96.7713
85 0 -96.6129
85.1 0 -96.4546
85.2 0 -96.2963
85.3 0 -96.138
85.4 0 -95.9797
85.5 0 -95.8215
85.6 0 -95.6634
85.7 0 -95.5052
85.8 0 -95.3471
85.9 0 -95.1891
86 0 -95.0311
86.1 0 -94.8731
86.2 0 -94.7152
86.3 0 -94.5573
86.4 0 -94.3994
86.5 0 -94.2416
86.6 0 -94.0838
86.7 0 -93.9261
86.8 0 -93.7684
86.9 0 -93.6107
87 0 -93.4531
87.1 0 -93.2955
87.2 0 -93.1379
87.3 0 -92.9804
87.4 0 -92.823
87.5 0 -92.6655
87.6 0 -92.5081
87.7 0 -92.3508
87.8 0 -92.1934
87.9 0 -92.0362
88 0 -91.8789
88.1 0 -91.7217
88.2 0 -91.5645
88.3 0 -91.4074
88.4 0 -91.2503
88.5 0 -91.0933
88.6 0 -90.9362
88.7 0 -90.7793
88.8 0 -90.6223
88.9 0 -90.4654
89 0 -90.3086
89.1 0 -90.1517
89.2 0 -89.9949
89.3 0 -89.8382
89.4 0 -89.6815
89.5 0 -89.5248
89.6 0 -89.3682
89.7 0 -89.2116
89.8 0 -89.055
89.9 0 -88.8985
90 0 -88.742
90.1 0 -88.5855
90.2 0 -88.4291
90.3 0 -88.2728
90.4 0 -88.1164
90.5 0 -87.9601
90.6 0 -87.8039
90.7 0 -87.6477
90.8 0 -87.4915
90.9 0 -87.3353
91 0 -87.1792
91.1 0 -87.0231
91.2 0 -86.8671
91.3 0 -86.7111
91.4 0 -86.5551
91.5 0 -86.3992
91.6 0 -86.2433
91.7 0 -86.0875
91.8 0 -85.9317
91.9 0 -85.7759
92 0 -85.6202
92.1 0 -85.4645
92.2 0 -85.3088
92.3 0 -85.1532
92.4 0 -84.9976
92.5 0 -84.8421
92.6 0 -84.6866
92.7 0 -84.5311
92.8 0 -84.3756
92.9 0 -84.2203
93 0 -84.0649
93.1 0 -83.9096
93.2 0 -83.7543
93.3 0 -83.599
93.4 0 -83.4438
93.5 0 -83.2886
93.6 0 -83.1335
93.7 0 -82.9784
93.8 0 -82.8233
93.9 0 -82.6683
94 0 -82.5133
94.1 0 -82.3584
94.2 0 -82.2034
94.3 0 -82.0486
94.4 0 -81.8937
94.5 0 -81.7389
94.6 0 -81.5841
94.7 0 -81.4294
94.8 0 -81.2747
94.9 0 -81.1201
95 0 -80.9654
95.1 0 -80.8109
95.2 0 -80.6563
95.3 0 -80.5018
95.4 0 -80.3473
95.5 0 -80.1929
95.6 0 -80.0385
95.7 0 -79.8841
95.8 0 -79.7298
95.9 0 -79.5755
96 0 -79.4212
96.1 0 -79.267
96.2 0 -79.1128
96.3 0 -78.9587
96.4 0 -78.8046
96.5 0 -78.6505
96.6 0 -78.4965
96.7 0 -78.3425
96.8 0 -78.1885
96.9 0 -78.0346
97 0 -77.8807
97.1 0 -77.7269
97.2 0 -77.5731
97.3 0 -77.4193
97.4 0 -77.2655
97.5 0 -77.1118
97.6 0 -76.9582
97.7 0 -76.8045
97.8 0 -76.6509
97.9 0 -76.4974
98 0 -76.3438
98.1 0 -76.1903
98.2 0 -76.0369
98.3 0 -75.8835
98.4 0 -75.7301
98.5 0 -75.5768
98.6 0 -75.4234
98.7 0 -75.2702
98.8 0 -75.1169
98.9 0 -74.9637
99 0 -74.8106
99.1 0 -74.6575
99.2 0 -74.5044
99.3 0 -74.3513
99.4 0 -74.1983
99.5 0 -74.0453
99.6 0 -73.8924
99.7 0 -73.7394
99.8 0 -73.5866
99.9 0 -73.4337
100 0 -73.2809
100.1 0 -73.1282
100.2 0 -72.9754
100.3 0 -72.8227
100.4 0 -72.6701
100.5 0 -72.5175
100.6 0 -72.3649
100.7 0 -72.2123
100.8 0 -72.0598
100.9 0 -71.9073
101 0 -71.7549
101.1 0 -71.6025
101.2 0 -71.4501
101.3 0 -71.2978
101.4 0 -71.1455
101.5 0 -70.9932
101.6 0 -70.841
101.7 0 -70.6888
101.8 0 -70.5366
101.9 0 -70.3845
102 0 -70.2324
102.1 0 -70.0804
102.2 0 -69.9283
102.3 0 -69.7764
102.4 0 -69.6244
102.5 0 -69.4725
102.6 0 -69.3206
102.7 0 -69.1688
102.8 0 -69.017
102.9 0 -68.8652
103 0 -68.7135
103.1 0 -68.5618
103.2 0 -68.4101
103.3 0 -68.2585
103.4 0 -68.1069
103.5 0 -67.9554
103.6 0 -67.8038
103.7 0 -67.6523
103.8 0 -67.5009
103.9 0 -67.3495
104 0 -67.1981
104.1 0 -67.0468
104.2 0 -66.8955
104.3 0 -66.7442
104.4 0 -66.5929
104.5 0 -66.4417
104.6 0 -66.2906
104.7 0 -66.1394
104.8 0 -65.9883
104.9 0 -65.8373
105 0 -65.6863
105.1 0 -65.5353
105.2 0 -65.3843
105.3 0 -65.2334
105.4 0 -65.0825
105.5 0 -64.9316
105.6 0 -64.7808
105.7 0 -64.63
105.8 0 -64.4793
105.9 0 -64.3286
106 0 -64.1779
106.1 0 -64.0273
106.2 0 -63.8767
106.3 0 -63.7261
106.4 0 -63.5755
106.5 0 -63.425
106.6 0 -63.2746
106.7 0 -63.1241
106.8 0 -62.9737
106.9 0 -62.8234
107 0 -62.6731
107.1 0 -62.5228
107.2 0 -62.3725
107.3 0 -62.2223
107.4 0 -62.0721
107.5 0 -61.9219
107.6 0 -61.7718
107.7 0 -61.6217
107.8 0 -61.4717
107.9 0 -61.3217
108 0 -61.1717
108.1 0 -61.0217
108.2 0 -60.8718
108.3 0 -60.7219
108.4 0 -60.5721
108.5 0 -60.4223
108.6 0 -60.2725
108.7 0 -60.1228
108.8 0 -59.9731
108.9 0 -59.8234
109 0 -59.6738
109.1 0 -59.5241
109.2 0 -59.3746
109.3 0 -59.225
109.4 0 -59.0755
109.5 0 -58.9261
109.6 0 -58.7767
109.7 0 -58.6273
109.8 0 -58.4779
109.9 0 -58.3286
110 0 -58.1793
110.1 0 -58.03
110.2 0 -57.8808
110.3 0 -57.7316
110.4 0 -57.5824
110.5 0 -57.4333
110.6 0 -57.2842
110.7 0 -57.1352
110.8 0 -56.9862
110.9 0 -56.8372
111 0 -56.6882
111.1 0 -56.5393
111.2 0 -56.3904
111.3 0 -56.2416
111.4 0 -56.0928
111.5 0 -55.944
111.6 0 -55.7952
111.7 0 -55.6465
111.8 0 -55.4978
111.9 0 -55.3492
112 0 -55.2006
112.1 0 -55.052
112.2 0 -54.9035
112.3 0 -54.7549
112.4 0 -54.6065
112.5 0 -54.458
112.6 0 -54.3096
112.7 0 -54.1612
112.8 0 -54.0129
112.9 0 -53.8646
113 0 -53.7163
113.1 0 -53.5681
113.2 0 -53.4199
113.3 0 -53.2717
113.4 0 -53.1236
113.5 0 -52.9755
113.6 0 -52.8274
113.7 0 -52.6794
113.8 0 -52.5314
113.9 0 -52.3834
114 0 -52.2355
114.1 0 -52.0875
114.2 0 -51.9397
114.3 0 -51.7918
114.4 0 -51.644
114.5 0 -51.4963
114.6 0 -51.3485
114.7 0 -51.2008
114.8 0 -51.0532
114.9 0 -50.9055
115 0 -50.7579
115.1 0 -50.6104
115.2 0 -50.4628
115.3 0 -50.3153
115.4 0 -50.1679
115.5 0 -50.0204
115.6 0 -49.873
115.7 0 -49.7257
115.8 0 -49.5783
115.9 0 -49.431
116 0 -49.2838
116.1 0 -49.1365
116.2 0 -48.9893
116.3 0 -48.8422
116.4 0 -48.695
116.5 0 -48.5479
116.6 0 -48.4009
116.7 0 -48.2539
116.8 0 -48.1069
116.9 0 -47.9599
117 0 -47.813
117.1 0 -47.666
117.2 0 -47.5192
117.3 0 -47.3723
117.4 0 -47.2255
117.5 0 -47.0788
117.6 0 -46.932
117.7 0 -46.7853
117.8 0 -46.6387
117.9 0 -46.492
118 0 -46.3454
118.1 0 -46.1989
118.2 0 -46.0523
118.3 0 -45.9058
118.4 0 -45.7594
118.5 0 -45.6129
118.6 0 -45.4665
118.7 0 -45.3201
118.8 0 -45.1738
118.9 0 -45.0275
119 0 -44.8812
119.1 0 -44.735
119.2 0 -44.5888
119.3 0 -44.4426
119.4 0 -44.2965
119.5 0 -44.1504
119.6 0 -44.0043
119.7 0 -43.8582
119.8 0 -43.7122
119.9 0 -43.5662
120 0 -43.4203
120.1 0 -43.2744
120.2 0 -43.1285
120.3 0 -42.9827
120.4 0 -42.8368
120.5 0 -42.6911
120.6 0 -42.5453
120.7 0 -42.3996
120.8 0 -42.2539
120.9 0 -42.1083
121 0 -41.9626
121.1 0 -41.8171
121.2 0 -41.6715
121.3 0 -41.526
121.4 0 -41.3805
121.5 0 -41.235
121.6 0 -41.0896
121.7 0 -40.9442
121.8 0 -40.7989
121.9 0 -40.6535
122 0 -40.5082
122.1 0 -40.363
122.2 0 -40.2178
122.3 0 -40.0726
122.4 0 -39.9274
122.5 0 -39.7823
122.6 0 -39.6372
122.7 0 -39.4921
122.8 0 -39.3471
122.9 0 -39.2021
123 0 -39.0571
123.1 0 -38.9121
123.2 0 -38.7672
123.3 0 -38.6224
123.4 0 -38.4775
123.5 0 -38.3327
123.6 0 -38.1879
123.7 0 -38.0432
123.8 0 -37.8985
123.9 0 -37.7538
124 0 -37.6092
124.1 0 -37.4645
124.2 0 -37.32
124.3 0 -37.1754
124.4 0 -37.0309
124.5 0 -36.8864
124.6 0 -36.7419
124.7 0 -36.5975
124.8 0 -36.4531
124.9 0 -36.3088
125 0 -36.1644
125.1 0 -36.0201
125.2 0 -35.8759
125.3 0 -35.7316
125.4 0 -35.5874
125.5 0 -35.4433
125.6 0 -35.2991
125.7 0 -35.155
125.8 0 -35.011
125.9 0 -34.8669
126 0 -34.7229
126.1 0 -34.5789
126.2 0 -34.435
126.3 0 -34.2911
126.4 0 -34.1472
126.5 0 -34.0034
126.6 0 -33.8595
126.7 0 -33.7157
126.8 0 -33.572
126.9 0 -33.4283
127 0 -33.2846
127.1 0 -33.1409
127.2 0 -32.9973
127.3 0 -32.8537
127.4 0 -32.7101
127.5 0 -32.5666
127.6 0 -32.4231
127.7 0 -32.2796
127.8 0 -32.1362
127.9 0 -31.9928
128 0 -31.8494
128.1 0 -31.7061
128.2 0 -31.5628
128.3 0 -31.4195
128.4 0 -31.2762
128.5 0 -31.133
128.6 0 -30.9898
128.7 0 -30.8467
128.8 0 -30.7035
128.9 0 -30.5605
129 0 -30.4174
129.1 0 -30.2744
129.2 0 -30.1314
129.3 0 -29.9884
129.4 0 -29.8455
129.5 0 -29.7026
129.6 0 -29.5597
129.7 0 -29.4169
129.8 0 -29.2741
129.9 0 -29.1313
130 0 -28.9885
130.1 0 -28.8458
130.2 0 -28.7031
130.3 0 -28.5605
130.4 0 -28.4179
130.5 0 -28.2753
130.6 0 -28.1327
130.7 0 -27.9902
130.8 0 -27.8477
130.9 0 -27.7052
131 0 -27.5628
131.1 0 -27.4204
131.2 0 -27.278
131.3 0 -27.1357
131.4 0 -26.9934
131.5 0 -26.8511
131.6 0 -26.7088
131.7 0 -26.5666
131.8 0 -26.4244
131.9 0 -26.2823
132 0 -26.1402
132.1 0 -25.9981
132.2 0 -25.856
132.3 0 -25.714
132.4 0 -25.572
132.5 0 -25.43
132.6 0 -25.2881
132.7 0 -25.1462
132.8 0 -25.0043
132.9 0 -24.8624
133 0 -24.7206
133.1 0 -24.5788
133.2 0 -24.4371
133.3 0 -24.2954
133.4 0 -24.1537
133.5 0 -24.012
133.6 0 -23.8704
133.7 0 -23.7288
133.8 0 -23.5872
133.9 0 -23.4457
134 0 -23.3042
134.1 0 -23.1627
134.2 0 -23.0213
134.3 0 -22.8798
134.4 0 -22.7385
134.5 0 -22.5971
134.6 0 -22.4558
134.7 0 -22.3145
134.8 0 -22.1732
134.9 0 -22.032
135 0 -21.8908
135.1 0 -21.7496
135.2 0 -21.6085
135.3 0 -21.4674
135.4 0 -21.3263
135.5 0 -21.1853
135.6 0 -21.0442
135.7 0 -20.9033
135.8 0 -20.7623
135.9 0 -20.6214
136 0 -20.4805
136.1 0 -20.3396
136.2 0 -20.1988
136.3 0 -20.058
136.4 0 -19.9172
136.5 0 -19.7765
136.6 0 -19.6358
136.7 0 -19.4951
136.8 0 -19.3544
136.9 0 -19.2138
137 0 -19.0732
137.1 0 -18.9326
137.2 0 -18.7921
137.3 0 -18.6516
137.4 0 -18.5111
137.5 0 -18.3707
137.6 0 -18.2303
137.7 0 -18.0899
137.8 0 -17.9496
137.9 0 -17.8093
138 0 -17.669
138.1 0 -17.5287
138.2 0 -17.3885
138.3 0 -17.2483
138.4 0 -17.1081
138.5 0 -16.968
138.6 0 -16.8279
138.7 0 -16.6878
138.8 0 -16.5478
138.9 0 -16.4077
139 0 -16.2677
139.1 0 -16.1278
139.2 0 -15.9879
139.3 0 -15.848
139.4 0 -15.7081
139.5 0 -15.5683
139.6 0 -15.4285
139.7 0 -15.2887
139.8 0 -15.1489
139.9 0 -15.0092
140 0 -14.8695
140.1 0 -14.7299
140.2 0 -14.5902
140.3 0 -14.4507
140.4 0 -14.3111
140.5 0 -14.1715
140.6 0 -14.032
140.7 0 -13.8926
140.8 0 -13.7531
140.9 0 -13.6137
141 0 -13.4743
141.1 0 -13.335
141.2 0 -13.1956
141.3 0 -13.0563
141.4 0 -12.9171
141.5 0 -12.7778
141.6 0 -12.6386
141.7 0 -12.4994
141.8 0 -12.3603
141.9 0 -12.2212
142 0 -12.0821
142.1 0 -11.943
142.2 0 -11.804
142.3 0 -11.665
142.4 0 -11.526
142.5 0 -11.3871
142.6 0 -11.2481
142.7 0 -11.1093
142.8 0 -10.9704
142.9 0 -10.8316
143 0 -10.6928
143.1 0 -10.554
143.2 0 -10.4153
143.3 0 -10.2766
143.4 0 -10.1379
143.5 0 -9.99926
143.6 0 -9.86064
143.7 0 -9.72205
143.8 0 -9.58349
143.9 0 -9.44496
144 0 -9.30646
144.1 0 -9.16799
144.2 0 -9.02955
144.3 0 -8.89114
144.4 0 -8.75276
144.5 0 -8.6144
144.6 0 -8.47608
144.7 0 -8.33779
144.8 0 -8.19952
144.9 0 -8.06128
145 0 -7.92308
145.1 0 -7.7849
145.2 0 -7.64675
145.3 0 -7.50863
145.4 0 -7.37055
145.5 0 -7.23249
145.6 0 -7.09445
145.7 0 -6.95645
145.8 0 -6.81848
145.9 0 -6.68054
146 0 -6.54262
146.1 0 -6.40474
146.2 0 -6.26688
146.3 0 -6.12906
146.4 0 -5.99126
146.5 0 -5.85349
146.6 0 -5.71575
146.7 0 -5.57804
146.8 0 -5.44036
146.9 0 -5.30271
147 0 -5.16508
147.1 0 -5.02749
147.2 0 -4.88992
147.3 0 -4.75239
147.4 0 -4.61488
147.5 0 -4.4774
147.6 0 -4.33995
147.7 0 -4.20253
147.8 0 -4.06514
147.9 0 -3.92778
148 0 -3.79045
148.1 0 -3.65314
148.2 0 -3.51587
148.3 0 -3.37862
148.4 0 -3.2414
148.5 0 -3.10421
148.6 0 -2.96705
148.7 0 -2.82992
148.8 0 -2.69282
148.9 0 -2.55574
149 0 -2.4187
149.1 0 -2.28168
149.2 0 -2.1447
149.3 0 -2.00774
149.4 0 -1.87081
149.5 0 -1.73391
149.6 0 -1.59703
149.7 0 -1.46019
149.8 0 -1.32338
149.9 0 -1.18659
150 0 -1.04983
150.1 0 -0.913104
150.2 0 -0.776403
150.3 0.0262933 -0.639732
150.4 0.162938 -0.503089
150.5 0.284773 -0.381256
150.6 0.329947 -0.336084
150.7 0.30775 -0.358283
150.8 0.262119 -0.403915
150.9 0.23121 -0.434827
151 0.227996 -0.438043
151.1 0.243845 -0.422195
151.2 0.262943 -0.403099
151.3 0.274523 -0.391521
151.4 0.276846 -0.3892
151.5 0.27424 -0.391807
151.6 0.271964 -0.394086
151.7 0.272772 -0.39328
151.8 0.276432 -0.389621
151.9 0.281168 -0.384887
152 0.285353 -0.380704
152.1 0.288381 -0.377678
152.2 0.290566 -0.375495
152.3 0.29256 -0.373502
152.4 0.294831 -0.371233
152.5 0.297473 -0.368593
152.6 0.300317 -0.365751
152.7 0.303145 -0.362925
152.8 0.305833 -0.360239
152.9 0.308384 -0.357689
153 0.31087 -0.355205
153.1 0.313359 -0.352718
153.2 0.31588 -0.350198
153.3 0.318423 -0.347658
153.4 0.320959 -0.345123
153.5 0.32347 -0.342614
153.6 0.32595 -0.340136
153.7 0.328406 -0.337681
153.8 0.330848 -0.335242
153.9 0.333279 -0.332812
154 0.335702 -0.330391
154.1 0.338113 -0.327982
154.2 0.340509 -0.325587
154.3 0.342889 -0.323209
154.4 0.345254 -0.320846
154.5 0.347604 -0.318497
154.6 0.349941 -0.316162
154.7 0.352265 -0.31384
154.8 0.354576 -0.311531
154.9 0.356873 -0.309235
155 0.359156 -0.306954
155.1 0.361426 -0.304686
155.2 0.363682 -0.302431
155.3 0.365925 -0.30019
155.4 0.368154 -0.297962
155.5 0.370371 -0.295748
155.6 0.372574 -0.293546
155.7 0.374764 -0.291357
155.8 0.376941 -0.289182
155.9 0.379106 -0.287019
156 0.381257 -0.28487
156.1 0.383396 -0.282733
156.2 0.385522 -0.280608
156.3 0.387635 -0.278497
156.4 0.389735 -0.276398
156.5 0.391823 -0.274312
156.6 0.393899 -0.272238
156.7 0.395962 -0.270176
156.8 0.398013 -0.268127
156.9 0.400051 -0.26609
157 0.402077 -0.264065
157.1 0.404091 -0.262053
157.2 0.406093 -0.260053
157.3 0.408083 -0.258064
157.4 0.410061 -0.256088
157.5 0.412027 -0.254123
157.6 0.413982 -0.252171
157.7 0.415924 -0.25023
157.8 0.417855 -0.248301
157.9 0.419774 -0.246383
158 0.421681 -0.244477
158.1 0.423577 -0.242583
158.2 0.425461 -0.2407
158.3 0.427334 -0.238829
158.4 0.429196 -0.236969
158.5 0.431046 -0.23512
158.6 0.432885 -0.233282
158.7 0.434713 -0.231456
158.8 0.43653 -0.229641
158.9 0.438336 -0.227837
159 0.44013 -0.226044
159.1 0.441914 -0.224261
159.2 0.443687 -0.22249
159.3 0.445449 -0.22073
159.4 0.4472 -0.21898
159.5 0.44894 -0.217241
159.6 0.45067 -0.215513
159.7 0.452389 -0.213795
159.8 0.454098 -0.212088
159.9 0.455796 -0.210391
160 0.457483 -0.208705
160.1 0.459161 -0.207029
160.2 0.460828 -0.205364
160.3 0.462484 -0.203709
160.4 0.464131 -0.202064
160.5 0.465767 -0.200429
160.6 0.467393 -0.198804
160.7 0.469009 -0.19719
160.8 0.470615 -0.195585
160.9 0.472211 -0.19399
161 0.473797 -0.192406
161.1 0.475374 -0.190831
161.2 0.47694 -0.189266
161.3 0.478497 -0.18771
161.4 0.480044 -0.186164
161.5 0.481582 -0.184628
161.6 0.483109 -0.183102
161.7 0.484628 -0.181585
161.8 0.486137 -0.180078
161.9 0.487636 -0.17858
162 0.489126 -0.177091
162.1 0.490607 -0.175612
162.2 0.492078 -0.174142
162.3 0.49354 -0.172681
162.4 0.494993 -0.171229
162.5 0.496437 -0.169787
162.6 0.497872 -0.168353
162.7 0.499298 -0.166929
162.8 0.500714 -0.165513
162.9 0.502122 -0.164107
163 0.503521 -0.162709
163.1 0.504911 -0.161321
163.2 0.506292 -0.159941
163.3 0.507665 -0.15857
163.4 0.509029 -0.157207
163.5 0.510384 -0.155853
163.6 0.51173 -0.154508
163.7 0.513068 -0.153171
163.8 0.514398 -0.151843
163.9 0.515719 -0.150523
164 0.517032 -0.149212
164.1 0.518336 -0.147909
164.2 0.519632 -0.146614
164.3 0.520919 -0.145328
164.4 0.522199 -0.14405
164.5 0.52347 -0.14278
164.6 0.524733 -0.141518
164.7 0.525988 -0.140265
164.8 0.527235 -0.139019
164.9 0.528474 -0.137781
165 0.529705 -0.136552
165.1 0.530928 -0.13533
165.2 0.532143 -0.134116
165.3 0.53335 -0.13291
165.4 0.53455 -0.131712
165.5 0.535742 -0.130521
165.6 0.536926 -0.129338
165.7 0.538102 -0.128163
165.8 0.539271 -0.126996
165.9 0.540432 -0.125836
166 0.541586 -0.124683
166.1 0.542732 -0.123538
166.2 0.54387 -0.122401
166.3 0.545002 -0.121271
166.4 0.546126 -0.120148
166.5 0.547242 -0.119033
166.6 0.548351 -0.117925
166.7 0.549453 -0.116824
166.8 0.550548 -0.11573
166.9 0.551636 -0.114644
167 0.552716 -0.113564
167.1 0.55379 -0.112492
167.2 0.554856 -0.111427
167.3 0.555916 -0.110369
167.4 0.556968 -0.109317
167.5 0.558014 -0.108273
167.6 0.559052 -0.107236
167.7 0.560084 -0.106205
167.8 0.561109 -0.105181
167.9 0.562127 -0.104164
168 0.563138 -0.103154
168.1 0.564143 -0.10215
168.2 0.565141 -0.101154
168.3 0.566133 -0.100163
168.4 0.567118 -0.0991796
168.5 0.568096 -0.0982024
168.6 0.569068 -0.0972317
168.7 0.570033 -0.0962676
168.8 0.570992 -0.0953098
168.9 0.571944 -0.0943585
169 0.57289 -0.0934135
169.1 0.57383 -0.0924748
169.2 0.574764 -0.0915425
169.3 0.575691 -0.0906164
169.4 0.576612 -0.0896965
169.5 0.577527 -0.0887828
169.6 0.578435 -0.0878752
169.7 0.579338 -0.0869737
169.8 0.580234 -0.0860784
169.9 0.581125 -0.0851891
170 0.582009 -0.0843057
170.1 0.582888 -0.0834284
170.2 0.58376 -0.082557
170.3 0.584627 -0.0816915
170.4 0.585487 -0.0808319
170.5 0.586342 -0.0799781
170.6 0.587191 -0.0791301
170.7 0.588034 -0.0782879
170.8 0.588872 -0.0774515
170.9 0.589704 -0.0766207
171 0.59053 -0.0757956
171.1 0.59135 -0.0749762
171.2 0.592165 -0.0741623
171.3 0.592975 -0.0733541
171.4 0.593778 -0.0725514
171.5 0.594577 -0.0717541
171.6 0.595369 -0.0709624
171.7 0.596157 -0.0701761
171.8 0.596939 -0.0693953
171.9 0.597715 -0.0686198
172 0.598486 -0.0678497
172.1 0.599252 -0.0670849
172.2 0.600013 -0.0663254
172.3 0.600768 -0.0655711
172.4 0.601518 -0.0648221
172.5 0.602263 -0.0640783
172.6 0.603002 -0.0633396
172.7 0.603737 -0.0626061
172.8 0.604466 -0.0618777
172.9 0.605191 -0.0611544
173 0.60591 -0.0604361
173.1 0.606624 -0.0597228
173.2 0.607333 -0.0590146
173.3 0.608038 -0.0583113
173.4 0.608737 -0.0576129
173.5 0.609432 -0.0569194
173.6 0.610121 -0.0562308
173.7 0.610806 -0.0555471
173.8 0.611486 -0.0548682
173.9 0.612161 -0.054194
174 0.612831 -0.0535246
174.1 0.613497 -0.05286
174.2 0.614158 -0.0522001
174.3 0.614814 -0.0515448
174.4 0.615465 -0.0508942
174.5 0.616112 -0.0502482
174.6 0.616755 -0.0496068
174.7 0.617393 -0.04897
174.8 0.618026 -0.0483377
174.9 0.618655 -0.0477099
175 0.619279 -0.0470866
175.1 0.619898 -0.0464678
175.2 0.620514 -0.0458534
175.3 0.621125 -0.0452434
175.4 0.621731 -0.0446378
175.5 0.622333 -0.0440366
175.6 0.622931 -0.0434397
175.7 0.623525 -0.042847
175.8 0.624114 -0.0422587
175.9 0.624699 -0.0416746
176 0.62528 -0.0410947
176.1 0.625856 -0.0405191
176.2 0.626429 -0.0399476
176.3 0.626997 -0.0393803
176.4 0.627561 -0.0388171
176.5 0.628121 -0.038258
176.6 0.628677 -0.037703
176.7 0.629229 -0.037152
176.8 0.629777 -0.0366051
176.9 0.630321 -0.0360621
177 0.63086 -0.0355232
177.1 0.631396 -0.0349882
177.2 0.631928 -0.0344571
177.3 0.632456 -0.03393
177.4 0.63298 -0.0334067
177.5 0.633501 -0.0328873
177.6 0.634017 -0.0323717
177.7 0.63453 -0.0318599
177.8 0.635039 -0.031352
177.9 0.635544 -0.0308478
178 0.636045 -0.0303473
178.1 0.636542 -0.0298506
178.2 0.637036 -0.0293576
178.3 0.637527 -0.0288682
178.4 0.638013 -0.0283826
178.5 0.638496 -0.0279005
178.6 0.638975 -0.027422
178.7 0.639451 -0.0269472
178.8 0.639923 -0.0264759
178.9 0.640392 -0.0260082
179 0.640857 -0.025544
179.1 0.641318 -0.0250832
179.2 0.641776 -0.024626
179.3 0.642231 -0.0241722
179.4 0.642682 -0.0237219
179.5 0.64313 -0.023275
179.6 0.643574 -0.0228315
179.7 0.644015 -0.0223913
179.8 0.644453 -0.0219545
179.9 0.644887 -0.0215211
180 0.645318 -0.021091
180.1 0.645746 -0.0206641
180.2 0.64617 -0.0202406
180.3 0.646591 -0.0198202
180.4 0.647009 -0.0194032
180.5 0.647424 -0.0189893
180.6 0.647835 -0.0185786
180.7 0.648243 -0.0181711
180.8 0.648648 -0.0177668
180.9 0.64905 -0.0173656
181 0.649449 -0.0169675
181.1 0.649845 -0.0165725
181.2 0.650238 -0.0161805
181.3 0.650627 -0.0157917
181.4 0.651014 -0.0154058
181.5 0.651398 -0.015023
181.6 0.651778 -0.0146432
181.7 0.652156 -0.0142664
181.8 0.65253 -0.0138926
181.9 0.652902 -0.0135216
182 0.653271 -0.0131537
182.1 0.653637 -0.0127886
182.2 0.654 -0.0124264
182.3 0.65436 -0.0120671
182.4 0.654717 -0.0117106
182.5 0.655071 -0.011357
182.6 0.655423 -0.0110062
182.7 0.655772 -0.0106582
182.8 0.656118 -0.0103129
182.9 0.656461 -0.00997049
183 0.656801 -0.00963078
183.1 0.657139 -0.0092938
183.2 0.657474 -0.00895954
183.3 0.657806 -0.00862797
183.4 0.658136 -0.00829909
183.5 0.658463 -0.00797287
183.6 0.658787 -0.00764929
183.7 0.659109 -0.00732834
183.8 0.659428 -0.00701
183.9 0.659744 -0.00669425
184 0.660058 -0.0063811
184.1 0.660369 -0.0060705
184.2 0.660678 -0.00576245
184.3 0.660984 -0.00545693
184.4 0.661288 -0.00515393
184.5 0.661589 -0.00485342
184.6 0.661888 -0.00455539
184.7 0.662184 -0.00425984
184.8 0.662478 -0.00396674
184.9 0.66277 -0.00367607
185 0.663058 -0.00338782
185.1 0.663345 -0.00310198
185.2 0.663629 -0.00281852
185.3 0.663911 -0.00253743
185.4 0.66419 -0.00225871
185.5 0.664467 -0.00198234
185.6 0.664742 -0.00170829
185.7 0.665015 -0.00143656
185.8 0.665285 -0.00116712
185.9 0.665553 -0.000899957
186 0.665818 -0.000635068
186.1 0.666081 -0.000372438
186.2 0.666342 -0.000112047
186.3 0.666601 0.000146118
186.4 0.666858 0.000402071
186.5 0.667112 0.000655828
186.6 0.667365 0.000907404
186.7 0.667615 0.00115681
186.8 0.667863 0.00140406
186.9 0.668108 0.00164917
187 0.668352 0.00189216
187.1 0.668593 0.00213303
187.2 0.668833 0.0023718
187.3 0.66907 0.00260849
187.4 0.669306 0.0028431
187.5 0.669539 0.00307566
187.6 0.66977 0.00330617
187.7 0.669999 0.00353466
187.8 0.670226 0.00376112
187.9 0.670451 0.00398558
188 0.670674 0.00420805
188.1 0.670895 0.00442853
188.2 0.671115 0.00464706
188.3 0.671332 0.00486362
188.4 0.671547 0.00507825
188.5 0.67176 0.00529095
188.6 0.671972 0.00550174
188.7 0.672181 0.00571063
188.8 0.672389 0.00591763
188.9 0.672595 0.00612274
189 0.672799 0.006326
189.1 0.673001 0.0065274
189.2 0.673201 0.00672696
189.3 0.673399 0.0069247
189.4 0.673596 0.00712061
189.5 0.67379 0.00731473
189.6 0.673983 0.00750705
189.7 0.674174 0.00769759
189.8 0.674364 0.00788637
189.9 0.674551 0.00807339
190 0.674737 0.00825866
190.1 0.674921 0.00844221
190.2 0.675104 0.00862403
190.3 0.675285 0.00880414
190.4 0.675464 0.00898255
190.5 0.675641 0.00915927
190.6 0.675816 0.00933432
190.7 0.67599 0.0095077
190.8 0.676163 0.00967944
190.9 0.676333 0.00984952
191 0.676502 0.010018
191.1 0.67667 0.0101848
191.2 0.676836 0.01035
191.3 0.677 0.0105137
191.4 0.677163 0.0106757
191.5 0.677324 0.0108362
191.6 0.677483 0.0109951
191.7 0.677641 0.0111524
191.8 0.677797 0.0113082
191.9 0.677952 0.0114625
192 0.678105 0.0116152
192.1 0.678257 0.0117665
192.2 0.678408 0.0119162
192.3 0.678556 0.0120644
192.4 0.678704 0.0122111
192.5 0.678849 0.0123564
192.6 0.678994 0.0125002
192.7 0.679137 0.0126426
192.8 0.679278 0.0127835
192.9 0.679418 0.012923
193 0.679557 0.013061
193.1 0.679694 0.0131977
193.2 0.67983 0.0133329
193.3 0.679964 0.0134668
193.4 0.680097 0.0135992
193.5 0.680229 0.0137303
193.6 0.680359 0.01386
193.7 0.680488 0.0139884
193.8 0.680616 0.0141154
193.9 0.680742 0.0142411
194 0.680867 0.0143654
194.1 0.68099 0.0144884
194.2 0.681112 0.0146102
194.3 0.681233 0.0147306
194.4 0.681353 0.0148497
194.5 0.681471 0.0149676
194.6 0.681588 0.0150841
194.7 0.681704 0.0151994
194.8 0.681819 0.0153135
194.9 0.681932 0.0154263
195 0.682044 0.0155378
195.1 0.682155 0.0156482
195.2 0.682265 0.0157573
195.3 0.682373 0.0158652
195.4 0.68248 0.0159718
195.5 0.682586 0.0160773
195.6 0.682691 0.0161817
195.7 0.682795 0.0162848
195.8 0.682897 0.0163867
195.9 0.682999 0.0164875
196 0.683099 0.0165872
196.1 0.683198 0.0166857
196.2 0.683296 0.016783
196.3 0.683392 0.0168792
196.4 0.683488 0.0169743
196.5 0.683582 0.0170683
196.6 0.683676 0.0171612
196.7 0.683768 0.017253
196.8 0.683859 0.0173437
196.9 0.683949 0.0174333
197 0.684038 0.0175218
197.1 0.684126 0.0176093
197.2 0.684213 0.0176957
197.3 0.684299 0.017781
197.4 0.684384 0.0178653
197.5 0.684467 0.0179486
197.6 0.68455 0.0180309
197.7 0.684632 0.0181121
197.8 0.684713 0.0181923
197.9 0.684792 0.0182715
198 0.684871 0.0183497
198.1 0.684949 0.0184269
198.2 0.685025 0.0185031
198.3 0.685101 0.0185783
198.4 0.685176 0.0186526
198.5 0.685249 0.0187259
198.6 0.685322 0.0187982
198.7 0.685394 0.0188696
198.8 0.685465 0.0189401
198.9 0.685535 0.0190096
199 0.685604 0.0190782
199.1 0.685672 0.0191458
199.2 0.685739 0.0192126
199.3 0.685806 0.0192784
199.4 0.685871 0.0193433
199.5 0.685936 0.0194074
199.6 0.685999 0.0194705
199.7 0.686062 0.0195328
199.8 0.686124 0.0195941
199.9 0.686185 0.0196546
200 0.686245 0.0197143
200.1 0.686304 0.0197731
200.2 0.686362 0.019831
200.3 0.68642 0.0198881
200.4 0.686477 0.0199444
200.5 0.686532 0.0199998
200.6 0.686587 0.0200544
200.7 0.686642 0.0201082
200.8 0.686695 0.0201611
200.9 0.686748 0.0202133
201 0.686799 0.0202646
201.1 0.68685 0.0203152
201.2 0.686901 0.0203649
201.3 0.68695 0.0204139
201.4 0.686999 0.0204621
201.5 0.687046 0.0205095
201.6 0.687094 0.0205562
201.7 0.68714 0.0206021
201.8 0.687185 0.0206473
201.9 0.68723 0.0206917
202 0.687274 0.0207353
202.1 0.687318 0.0207782
202.2 0.68736 0.0208204
202.3 0.687402 0.0208619
202.4 0.687443 0.0209026
202.5 0.687484 0.0209426
202.6 0.687523 0.020982
202.7 0.687562 0.0210206
202.8 0.687601 0.0210585
202.9 0.687638 0.0210957
203 0.687675 0.0211322
203.1 0.687712 0.021168
203.2 0.687747 0.0212032
203.3 0.687782 0.0212377
203.4 0.687816 0.0212715
203.5 0.68785 0.0213047
203.6 0.687883 0.0213372
203.7 0.687915 0.021369
203.8 0.687947 0.0214002
203.9 0.687978 0.0214308
204 0.688008 0.0214607
204.1 0.688038 0.02149
204.2 0.688067 0.0215187
204.3 0.688095 0.0215467
204.4 0.688123 0.0215742
204.5 0.68815 0.021601
204.6 0.688177 0.0216272
204.7 0.688203 0.0216528
204.8 0.688228 0.0216778
204.9 0.688253 0.0217022
205 0.688277 0.021726
205.1 0.688301 0.0217493
205.2 0.688324 0.0217719
205.3 0.688346 0.021794
205.4 0.688368 0.0218155
205.5 0.688389 0.0218365
205.6 0.68841 0.0218568
205.7 0.68843 0.0218767
205.8 0.68845 0.0218959
205.9 0.688469 0.0219147
206 0.688488 0.0219329
206.1 0.688506 0.0219505
206.2 0.688523 0.0219676
206.3 0.68854 0.0219842
206.4 0.688557 0.0220003
206.5 0.688572 0.0220158
206.6 0.688588 0.0220308
206.7 0.688603 0.0220453
206.8 0.688617 0.0220593
206.9 0.688631 0.0220728
207 0.688644 0.0220858
207.1 0.688657 0.0220983
207.2 0.688669 0.0221103
207.3 0.688681 0.0221218
207.4 0.688693 0.0221328
207.5 0.688704 0.0221434
207.6 0.688714 0.0221534
207.7 0.688724 0.022163
207.8 0.688733 0.0221721
207.9 0.688742 0.0221808
208 0.688751 0.022189
208.1 0.688759 0.0221967
208.2 0.688767 0.022204
208.3 0.688774 0.0222109
208.4 0.688781 0.0222173
208.5 0.688787 0.0222232
208.6 0.688793 0.0222287
208.7 0.688798 0.0222338
208.8 0.688803 0.0222385
208.9 0.688808 0.0222427
209 0.688812 0.0222465
209.1 0.688816 0.0222499
209.2 0.688819 0.0222528
209.3 0.688822 0.0222554
209.4 0.688824 0.0222575
209.5 0.688826 0.0222593
209.6 0.688828 0.0222606
209.7 0.688829 0.0222615
209.8 0.68883 0.0222621
209.9 0.688831 0.0222622
210 0.688831 0.022262
210.1 0.68883 0.0222613
210.2 0.68883 0.0222603
210.3 0.688829 0.0222589
210.4 0.688827 0.0222572
210.5 0.688825 0.022255
210.6 0.688823 0.0222525
210.7 0.688821 0.0222496
210.8 0.688818 0.0222464
210.9 0.688815 0.0222428
211 0.688811 0.0222389
211.1 0.688807 0.0222346
211.2 0.688803 0.0222299
211.3 0.688798 0.0222249
211.4 0.688793 0.0222196
211.5 0.688788 0.0222139
211.6 0.688782 0.0222079
211.7 0.688776 0.0222015
211.8 0.688769 0.0221948
211.9 0.688763 0.0221878
212 0.688756 0.0221805
212.1 0.688748 0.0221728
212.2 0.688741 0.0221648
212.3 0.688733 0.0221565
212.4 0.688724 0.0221479
212.5 0.688716 0.022139
212.6 0.688707 0.0221298
212.7 0.688698 0.0221203
212.8 0.688688 0.0221104
212.9 0.688678 0.0221003
213 0.688668 0.0220898
213.1 0.688658 0.0220791
213.2 0.688647 0.0220681
213.3 0.688636 0.0220568
213.4 0.688625 0.0220452
213.5 0.688613 0.0220333
213.6 0.688601 0.0220212
213.7 0.688589 0.0220087
213.8 0.688577 0.021996
213.9 0.688564 0.0219831
214 0.688551 0.0219698
214.1 0.688538 0.0219563
214.2 0.688524 0.0219425
214.3 0.688511 0.0219285
214.4 0.688497 0.0219141
214.5 0.688482 0.0218996
214.6 0.688468 0.0218848
214.7 0.688453 0.0218697
214.8 0.688438 0.0218544
214.9 0.688423 0.0218388
215 0.688407 0.021823
215.1 0.688391 0.021807
215.2 0.688375 0.0217907
215.3 0.688359 0.0217741
215.4 0.688343 0.0217574
215.5 0.688326 0.0217404
215.6 0.688309 0.0217231
215.7 0.688292 0.0217057
215.8 0.688274 0.021688
215.9 0.688257 0.0216701
216 0.688239 0.0216519
216.1 0.688221 0.0216336
216.2 0.688202 0.021615
216.3 0.688184 0.0215962
216.4 0.688165 0.0215773
216.5 0.688146 0.021558
216.6 0.688127 0.0215386
216.7 0.688108 0.021519
216.8 0.688088 0.0214992
216.9 0.688068 0.0214792
217 0.688049 0.0214589
217.1 0.688028 0.0214385
217.2 0.688008 0.0214179
217.3 0.687987 0.0213971
217.4 0.687967 0.0213761
217.5 0.687946 0.0213549
217.6 0.687925 0.0213335
217.7 0.687903 0.0213119
217.8 0.687882 0.0212902
217.9 0.68786 0.0212682
218 0.687838 0.0212461
218.1 0.687816 0.0212238
218.2 0.687794 0.0212014
218.3 0.687772 0.0211787
218.4 0.687749 0.0211559
218.5 0.687726 0.0211329
218.6 0.687704 0.0211098
218.7 0.68768 0.0210865
218.8 0.687657 0.021063
218.9 0.687634 0.0210394
219 0.68761 0.0210156
219.1 0.687587 0.0209916
219.2 0.687563 0.0209675
219.3 0.687539 0.0209432
219.4 0.687515 0.0209188
219.5 0.68749 0.0208942
219.6 0.687466 0.0208695
219.7 0.687441 0.0208446
219.8 0.687416 0.0208196
219.9 0.687391 0.0207944
220 0.687366 0.0207691
220.1 0.687341 0.0207436
220.2 0.687316 0.020718
220.3 0.68729 0.0206923
220.4 0.687265 0.0206665
220.5 0.687239 0.0206404
220.6 0.687213 0.0206143
220.7 0.687187 0.020588
220.8 0.687161 0.0205616
220.9 0.687135 0.0205351
221 0.687108 0.0205085
221.1 0.687082 0.0204817
221.2 0.687055 0.0204548
221.3 0.687028 0.0204278
221.4 0.687001 0.0204006
221.5 0.686974 0.0203734
221.6 0.686947 0.020346
221.7 0.68692 0.0203185
221.8 0.686892 0.0202909
221.9 0.686865 0.0202632
222 0.686837 0.0202353
222.1 0.68681 0.0202074
222.2 0.686782 0.0201793
222.3 0.686754 0.0201512
222.4 0.686726 0.0201229
222.5 0.686698 0.0200945
222.6 0.686669 0.0200661
222.7 0.686641 0.0200375
222.8 0.686613 0.0200088
222.9 0.686584 0.01998
223 0.686555 0.0199512
223.1 0.686527 0.0199222
223.2 0.686498 0.0198932
223.3 0.686469 0.019864
223.4 0.68644 0.0198348
223.5 0.686411 0.0198054
223.6 0.686382 0.019776
223.7 0.686352 0.0197465
223.8 0.686323 0.0197169
223.9 0.686293 0.0196872
224 0.686264 0.0196574
224.1 0.686234 0.0196276
224.2 0.686205 0.0195976
224.3 0.686175 0.0195676
224.4 0.686145 0.0195375
224.5 0.686115 0.0195073
224.6 0.686085 0.0194771
224.7 0.686055 0.0194468
224.8 0.686025 0.0194164
224.9 0.685994 0.0193859
225 0.685964 0.0193553
225.1 0.685934 0.0193247
225.2 0.685903 0.019294
225.3 0.685872 0.0192633
225.4 0.685842 0.0192325
225.5 0.685811 0.0192016
225.6 0.68578 0.0191706
225.7 0.68575 0.0191396
225.8 0.685719 0.0191085
225.9 0.685688 0.0190774
226 0.685657 0.0190462
226.1 0.685626 0.0190149
226.2 0.685595 0.0189836
226.3 0.685563 0.0189522
226.4 0.685532 0.0189208
226.5 0.685501 0.0188893
226.6 0.68547 0.0188577
226.7 0.685438 0.0188261
226.8 0.685407 0.0187945
226.9 0.685375 0.0187628
227 0.685344 0.018731
227.1 0.685312 0.0186992
227.2 0.68528 0.0186674
227.3 0.685249 0.0186355
227.4 0.685217 0.0186035
227.5 0.685185 0.0185715
227.6 0.685153 0.0185395
227.7 0.685121 0.0185074
227.8 0.68509 0.0184753
227.9 0.685058 0.0184431
228 0.685026 0.0184109
228.1 0.684993 0.0183787
228.2 0.684961 0.0183464
228.3 0.684929 0.0183141
228.4 0.684897 0.0182817
228.5 0.684865 0.0182493
228.6 0.684833 0.0182169
228.7 0.6848 0.0181844
228.8 0.684768 0.0181519
228.9 0.684736 0.0181194
229 0.684703 0.0180868
229.1 0.684671 0.0180542
229.2 0.684638 0.0180216
229.3 0.684606 0.0179889
229.4 0.684574 0.0179563
229.5 0.684541 0.0179236
229.6 0.684508 0.0178908
229.7 0.684476 0.0178581
229.8 0.684443 0.0178253
229.9 0.684411 0.0177925
230 0.684378 0.0177596
230.1 0.684345 0.0177268
230.2 0.684313 0.0176939
230.3 0.68428 0.017661
230.4 0.684247 0.0176281
230.5 0.684214 0.0175951
230.6 0.684182 0.0175621
230.7 0.684149 0.0175292
230.8 0.684116 0.0174962
230.9 0.684083 0.0174632
231 0.68405 0.0174301
231.1 0.684017 0.0173971
231.2 0.683984 0.017364
231.3 0.683952 0.0173309
231.4 0.683919 0.0172979
231.5 0.683886 0.0172648
231.6 0.683853 0.0172316
231.7 0.68382 0.0171985
231.8 0.683787 0.0171654
231.9 0.683754 0.0171322
232 0.683721 0.0170991
232.1 0.683688 0.0170659
232.2 0.683655 0.0170327
232.3 0.683622 0.0169996
232.4 0.683589 0.0169664
232.5 0.683556 0.0169332
232.6 0.683523 0.0169
232.7 0.68349 0.0168668
232.8 0.683457 0.0168336
232.9 0.683424 0.0168004
233 0.683391 0.0167672
233.1 0.683358 0.016734
233.2 0.683325 0.0167008
233.3 0.683292 0.0166675
233.4 0.683259 0.0166343
233.5 0.683225 0.0166011
233.6 0.683192 0.0165679
233.7 0.683159 0.0165347
233.8 0.683126 0.0165015
233.9 0.683093 0.0164683
234 0.68306 0.0164351
234.1 0.683027 0.0164019
234.2 0.682994 0.0163687
234.3 0.682961 0.0163355
234.4 0.682928 0.0163023
234.5 0.682895 0.0162691
234.6 0.682862 0.0162359
234.7 0.682829 0.0162028
234.8 0.682796 0.0161696
234.9 0.682763 0.0161364
235 0.68273 0.0161033
235.1 0.682697 0.0160702
235.2 0.682664 0.016037
235.3 0.682631 0.0160039
235.4 0.682598 0.0159708
235.5 0.682565 0.0159377
235.6 0.682532 0.0159046
235.7 0.682499 0.0158716
235.8 0.682466 0.0158385
235.9 0.682434 0.0158055
236 0.682401 0.0157724
236.1 0.682368 0.0157394
236.2 0.682335 0.0157064
236.3 0.682302 0.0156734
236.4 0.682269 0.0156404
236.5 0.682236 0.0156075
236.6 0.682204 0.0155745
236.7 0.682171 0.0155416
236.8 0.682138 0.0155087
236.9 0.682105 0.0154758
237 0.682073 0.0154429
237.1 0.68204 0.0154101
237.2 0.682007 0.0153772
237.3 0.681975 0.0153444
237.4 0.681942 0.0153116
237.5 0.681909 0.0152788
237.6 0.681877 0.0152461
237.7 0.681844 0.0152133
237.8 0.681812 0.0151806
237.9 0.681779 0.0151479
238 0.681746 0.0151152
238.1 0.681714 0.0150826
238.2 0.681681 0.0150499
238.3 0.681649 0.0150173
238.4 0.681617 0.0149847
238.5 0.681584 0.0149522
238.6 0.681552 0.0149196
238.7 0.681519 0.0148871
238.8 0.681487 0.0148546
238.9 0.681455 0.0148222
239 0.681422 0.0147897
239.1 0.68139 0.0147573
239.2 0.681358 0.0147249
239.3 0.681326 0.0146926
239.4 0.681293 0.0146602
239.5 0.681261 0.0146279
239.6 0.681229 0.0145957
239.7 0.681197 0.0145634
239.8 0.681165 0.0145312
239.9 0.681133 0.014499
240 0.681101 0.0144668
240.1 0.681069 0.0144347
240.2 0.681037 0.0144026
240.3 0.681005 0.0143705
240.4 0.680973 0.0143385
240.5 0.680941 0.0143064
240.6 0.680909 0.0142745
240.7 0.680877 0.0142425
240.8 0.680846 0.0142106
240.9 0.680814 0.0141787
241 0.680782 0.0141468
241.1 0.68075 0.014115
241.2 0.680719 0.0140832
241.3 0.680687 0.0140514
241.4 0.680655 0.0140197
241.5 0.680624 0.013988
241.6 0.680592 0.0139563
241.7 0.680561 0.0139247
241.8 0.680529 0.0138931
241.9 0.680498 0.0138615
242 0.680467 0.01383
242.1 0.680435 0.0137985
242.2 0.680404 0.0137671
242.3 0.680373 0.0137356
242.4 0.680341 0.0137043
242.5 0.68031 0.0136729
242.6 0.680279 0.0136416
242.7 0.680248 0.0136103
242.8 0.680217 0.0135791
242.9 0.680186 0.0135479
243 0.680154 0.0135167
243.1 0.680123 0.0134855
243.2 0.680092 0.0134545
243.3 0.680062 0.0134234
243.4 0.680031 0.0133924
243.5 0.68 0.0133614
243.6 0.679969 0.0133304
243.7 0.679938 0.0132995
243.8 0.679907 0.0132687
243.9 0.679877 0.0132378
244 0.679846 0.013207
244.1 0.679815 0.0131763
244.2 0.679785 0.0131456
244.3 0.679754 0.0131149
244.4 0.679724 0.0130843
244.5 0.679693 0.0130537
244.6 0.679663 0.0130231
244.7 0.679632 0.0129926
244.8 0.679602 0.0129621
244.9 0.679572 0.0129317
245 0.679542 0.0129013
245.1 0.679511 0.012871
245.2 0.679481 0.0128407
245.3 0.679451 0.0128104
245.4 0.679421 0.0127802
245.5 0.679391 0.01275
245.6 0.679361 0.0127198
245.7 0.679331 0.0126897
245.8 0.679301 0.0126597
245.9 0.679271 0.0126297
246 0.679241 0.0125997
246.1 0.679211 0.0125698
246.2 0.679181 0.0125399
246.3 0.679152 0.01251
246.4 0.679122 0.0124802
246.5 0.679092 0.0124505
246.6 0.679063 0.0124208
246.7 0.679033 0.0123911
246.8 0.679004 0.0123615
246.9 0.678974 0.0123319
247 0.678945 0.0123023
247.1 0.678915 0.0122728
247.2 0.678886 0.0122434
247.3 0.678857 0.012214
247.4 0.678827 0.0121846
247.5 0.678798 0.0121553
247.6 0.678769 0.012126
247.7 0.67874 0.0120968
247.8 0.678711 0.0120676
247.9 0.678682 0.0120385
248 0.678653 0.0120094
248.1 0.678624 0.0119803
248.2 0.678595 0.0119513
248.3 0.678566 0.0119224
248.4 0.678537 0.0118935
248.5 0.678509 0.0118646
248.6 0.67848 0.0118358
248.7 0.678451 0.011807
248.8 0.678423 0.0117783
248.9 0.678394 0.0117496
249 0.678365 0.011721
249.1 0.678337 0.0116924
249.2 0.678309 0.0116638
249.3 0.67828 0.0116353
249.4 0.678252 0.0116069
249.5 0.678224 0.0115785
249.6 0.678195 0.0115501
249.7 0.678167 0.0115218
249.8 0.678139 0.0114936
249.9 0.678111 0.0114653
250 0.678083 0.0114372
250.1 0.678055 0.0114091
250.2 0.678027 0.011381
250.3 0.677999 0.011353
250.4 0.677971 0.011325
250.5 0.677943 0.011297
250.6 0.677915 0.0112692
250.7 0.677888 0.0112413
250.8 0.67786 0.0112135
250.9 0.677832 0.0111858
251 0.677805 0.0111581
251.1 0.677777 0.0111305
251.2 0.67775 0.0111029
251.3 0.677722 0.0110753
251.4 0.677695 0.0110478
251.5 0.677667 0.0110204
251.6 0.67764 0.010993
251.7 0.677613 0.0109656
251.8 0.677586 0.0109383
251.9 0.677558 0.010911
252 0.677531 0.0108838
252.1 0.677504 0.0108567
252.2 0.677477 0.0108296
252.3 0.67745 0.0108025
252.4 0.677423 0.0107755
252.5 0.677396 0.0107485
252.6 0.67737 0.0107216
252.7 0.677343 0.0106947
252.8 0.677316 0.0106679
252.9 0.677289 0.0106411
253 0.677263 0.0106144
253.1 0.677236 0.0105877
253.2 0.67721 0.0105611
253.3 0.677183 0.0105345
253.4 0.677157 0.010508
253.5 0.67713 0.0104815
253.6 0.677104 0.0104551
253.7 0.677078 0.0104287
253.8 0.677051 0.0104024
253.9 0.677025 0.0103761
254 0.676999 0.0103499
254.1 0.676973 0.0103237
254.2 0.676947 0.0102976
254.3 0.676921 0.0102715
254.4 0.676895 0.0102455
254.5 0.676869 0.0102195
254.6 0.676843 0.0101935
254.7 0.676818 0.0101676
254.8 0.676792 0.0101418
254.9 0.676766 0.010116
255 0.67674 0.0100903
255.1 0.676715 0.0100646
255.2 0.676689 0.010039
255.3 0.676664 0.0100134
255.4 0.676638 0.00998784
255.5 0.676613 0.00996235
255.6 0.676588 0.00993691
255.7 0.676562 0.00991152
255.8 0.676537 0.00988618
255.9 0.676512 0.00986089
256 0.676487 0.00983565
256.1 0.676462 0.00981046
256.2 0.676436 0.00978532
256.3 0.676411 0.00976022
256.4 0.676386 0.00973518
256.5 0.676362 0.00971019
256.6 0.676337 0.00968525
256.7 0.676312 0.00966036
256.8 0.676287 0.00963551
256.9 0.676262 0.00961072
257 0.676238 0.00958598
257.1 0.676213 0.00956128
257.2 0.676189 0.00953664
257.3 0.676164 0.00951204
257.4 0.67614 0.0094875
257.5 0.676115 0.009463
257.6 0.676091 0.00943856
257.7 0.676067 0.00941416
257.8 0.676042 0.00938982
257.9 0.676018 0.00936552
258 0.675994 0.00934127
258.1 0.67597 0.00931707
258.2 0.675946 0.00929292
258.3 0.675922 0.00926882
258.4 0.675898 0.00924477
258.5 0.675874 0.00922077
258.6 0.67585 0.00919682
258.7 0.675826 0.00917292
258.8 0.675802 0.00914907
258.9 0.675779 0.00912527
259 0.675755 0.00910152
259.1 0.675731 0.00907782
259.2 0.675708 0.00905416
259.3 0.675684 0.00903056
259.4 0.675661 0.009007
259.5 0.675637 0.0089835
259.6 0.675614 0.00896004
259.7 0.675591 0.00893664
259.8 0.675567 0.00891328
259.9 0.675544 0.00888997
260 0.675521 0.00886671
260.1 0.675498 0.0088435
260.2 0.675475 0.00882034
260.3 0.675452 0.00879723
260.4 0.675429 0.00877417
260.5 0.675406 0.00875116
260.6 0.675383 0.0087282
260.7 0.67536 0.00870528
260.8 0.675337 0.00868242
260.9 0.675314 0.0086596
261 0.675292 0.00863683
261.1 0.675269 0.00861411
261.2 0.675246 0.00859144
261.3 0.675224 0.00856882
261.4 0.675201 0.00854625
261.5 0.675179 0.00852373
261.6 0.675156 0.00850126
261.7 0.675134 0.00847883
261.8 0.675112 0.00845646
261.9 0.67509 0.00843413
262 0.675067 0.00841185
262.1 0.675045 0.00838962
262.2 0.675023 0.00836744
262.3 0.675001 0.0083453
262.4 0.674979 0.00832322
262.5 0.674957 0.00830118
262.6 0.674935 0.00827919
262.7 0.674913 0.00825725
262.8 0.674891 0.00823536
262.9 0.67487 0.00821352
263 0.674848 0.00819173
263.1 0.674826 0.00816998
263.2 0.674805 0.00814828
263.3 0.674783 0.00812663
263.4 0.674761 0.00810503
263.5 0.67474 0.00808347
263.6 0.674719 0.00806196
263.7 0.674697 0.00804051
263.8 0.674676 0.0080191
263.9 0.674655 0.00799774
264 0.674633 0.00797643
264.1 0.674612 0.00795516
264.2 0.674591 0.00793394
264.3 0.67457 0.00791277
264.4 0.674549 0.00789164
264.5 0.674528 0.00787057
264.6 0.674507 0.00784954
264.7 0.674486 0.00782856
264.8 0.674465 0.00780762
264.9 0.674444 0.00778674
265 0.674423 0.0077659
265.1 0.674403 0.00774511
265.2 0.674382 0.00772437
265.3 0.674361 0.00770367
265.4 0.674341 0.00768302
265.5 0.67432 0.00766241
265.6 0.6743 0.00764186
265.7 0.674279 0.00762135
265.8 0.674259 0.0076009
265.9 0.674239 0.00758048
266 0.674218 0.00756011
266.1 0.674198 0.00753979
266.2 0.674178 0.00751951
266.3 0.674158 0.00749929
266.4 0.674137 0.00747911
266.5 0.674117 0.00745897
266.6 0.674097 0.00743888
266.7 0.674077 0.00741884
266.8 0.674057 0.00739884
266.9 0.674038 0.0073789
267 0.674018 0.00735899
267.1 0.673998 0.00733914
267.2 0.673978 0.00731933
267.3 0.673958 0.00729956
267.4 0.673939 0.00727984
267.5 0.673919 0.00726017
267.6 0.6739 0.00724055
267.7 0.67388 0.00722097
267.8 0.673861 0.00720143
267.9 0.673841 0.00718194
268 0.673822 0.0071625
268.1 0.673802 0.0071431
268.2 0.673783 0.00712375
268.3 0.673764 0.00710445
268.4 0.673745 0.00708518
268.5 0.673726 0.00706597
268.6 0.673706 0.00704679
268.7 0.673687 0.00702767
268.8 0.673668 0.00700859
268.9 0.673649 0.00698956
269 0.67363 0.00697057
269.1 0.673612 0.00695162
269.2 0.673593 0.00693272
269.3 0.673574 0.00691386
269.4 0.673555 0.00689505
269.5 0.673536 0.00687629
269.6 0.673518 0.00685757
269.7 0.673499 0.00683889
269.8 0.673481 0.00682026
269.9 0.673462 0.00680168
270 0.673444 0.00678313
270.1 0.673425 0.00676463
270.2 0.673407 0.00674618
270.3 0.673388 0.00672777
270.4 0.67337 0.0067094
270.5 0.673352 0.00669108
270.6 0.673334 0.00667281
270.7 0.673315 0.00665457
270.8 0.673297 0.00663638
270.9 0.673279 0.00661824
271 0.673261 0.00660013
271.1 0.673243 0.00658207
271.2 0.673225 0.00656406
271.3 0.673207 0.00654609
271.4 0.673189 0.00652816
271.5 0.673172 0.00651028
271.6 0.673154 0.00649244
271.7 0.673136 0.00647464
271.8 0.673118 0.00645688
271.9 0.673101 0.00643917
272 0.673083 0.0064215
272.1 0.673065 0.00640388
272.2 0.673048 0.0063863
272.3 0.67303 0.00636875
272.4 0.673013 0.00635126
272.5 0.672996 0.0063338
272.6 0.672978 0.00631639
272.7 0.672961 0.00629903
272.8 0.672944 0.0062817
272.9 0.672926 0.00626442
273 0.672909 0.00624718
273.1 0.672892 0.00622997
273.2 0.672875 0.00621282
273.3 0.672858 0.00619571
273.4 0.672841 0.00617864
273.5 0.672824 0.0061616
273.6 0.672807 0.00614461
273.7 0.67279 0.00612766
273.8 0.672773 0.00611076
273.9 0.672756 0.0060939
274 0.67274 0.00607707
274.1 0.672723 0.0060603
274.2 0.672706 0.00604356
274.3 0.672689 0.00602687
274.4 0.672673 0.00601021
274.5 0.672656 0.00599359
274.6 0.67264 0.00597702
274.7 0.672623 0.00596049
274.8 0.672607 0.005944
274.9 0.67259 0.00592755
275 0.672574 0.00591114
275.1 0.672558 0.00589477
275.2 0.672541 0.00587844
275.3 0.672525 0.00586216
275.4 0.672509 0.00584592
275.5 0.672493 0.00582971
275.6 0.672477 0.00581355
275.7 0.672461 0.00579742
275.8 0.672445 0.00578134
275.9 0.672429 0.00576529
276 0.672413 0.00574929
276.1 0.672397 0.00573333
276.2 0.672381 0.00571741
276.3 0.672365 0.00570152
276.4 0.672349 0.00568568
276.5 0.672334 0.00566988
276.6 0.672318 0.00565411
276.7 0.672302 0.00563839
276.8 0.672286 0.00562271
276.9 0.672271 0.00560706
277 0.672255 0.00559146
277.1 0.67224 0.00557589
277.2 0.672224 0.00556037
277.3 0.672209 0.00554488
277.4 0.672193 0.00552943
277.5 0.672178 0.00551402
277.6 0.672163 0.00549866
277.7 0.672147 0.00548333
277.8 0.672132 0.00546803
277.9 0.672117 0.00545278
278 0.672102 0.00543756
278.1 0.672087 0.00542239
278.2 0.672072 0.00540726
278.3 0.672057 0.00539216
278.4 0.672042 0.0053771
278.5 0.672027 0.00536208
278.6 0.672012 0.00534709
278.7 0.671997 0.00533215
278.8 0.671982 0.00531724
278.9 0.671967 0.00530238
279 0.671952 0.00528754
279.1 0.671938 0.00527275
279.2 0.671923 0.00525799
279.3 0.671908 0.00524328
279.4 0.671893 0.0052286
279.5 0.671879 0.00521396
279.6 0.671864 0.00519935
279.7 0.67185 0.00518479
279.8 0.671835 0.00517026
279.9 0.671821 0.00515577
280 0.671806 0.00514131
280.1 0.671792 0.0051269
280.2 0.671778 0.00511252
280.3 0.671763 0.00509817
280.4 0.671749 0.00508386
280.5 0.671735 0.00506959
280.6 0.671721 0.00505537
280.7 0.671707 0.00504117
280.8 0.671692 0.00502701
280.9 0.671678 0.00501289
281 0.671664 0.0049988
281.1 0.67165 0.00498475
281.2 0.671636 0.00497074
281.3 0.671622 0.00495676
281.4 0.671608 0.00494282
281.5 0.671595 0.00492892
281.6 0.671581 0.00491505
281.7 0.671567 0.00490122
281.8 0.671553 0.00488742
281.9 0.67154 0.00487365
282 0.671526 0.00485993
282.1 0.671512 0.00484624
282.2 0.671499 0.0048326
282.3 0.671485 0.00481898
282.4 0.671471 0.0048054
282.5 0.671458 0.00479185
282.6 0.671444 0.00477833
282.7 0.671431 0.00476486
282.8 0.671418 0.00475142
282.9 0.671404 0.00473801
283 0.671391 0.00472464
283.1 0.671378 0.0047113
283.2 0.671364 0.004698
283.3 0.671351 0.00468474
283.4 0.671338 0.0046715
283.5 0.671325 0.00465831
283.6 0.671312 0.00464514
